2.3018666666666667275
-0.1045333333333320347
34.938666666666669869
43.776000000000010459
68.460800000000006094
41.884799999999998477
51.34186666666666099
31.228800000000006776
77.781333333333321889
121.05813333333333048
102.98133333333332473
134.48320000000001073
270.01173333333338178
191.28960000000000719
189.23733333333333917
200.37653333333332739
96.776533333333333076
152.3594666666666626
117.01866666666666106
172.86719999999999686
137.52639999999996689
246.7605333333332851
259.40480000000002292
356.59839999999996962
422.53973333333334494
289.45813333333330775
528.57066666666662513
131.48266666666665969
580.33066666666661604
406.78933333333338851
199.51680000000001769
410.38720000000000709
112.63359999999997285
461.52746666666666897
11.762133333333324003
397.04320000000006985
113.5434666666666601
514.9375999999999749
730.50026666666678921
636.63893333333328428
781.02079999999989468
333.8229333333333102
618.441599999999994
711.29706666666652382
819.6458666666666204
849.20000000000004547
595.80160000000000764
9.1637333333332975371
576.29226666666659185
303.50506666666660749
763.68533333333334667
207.23733333333328233
-165.23840000000001282
165.15200000000007208
617.8954666666668345
261.35573333333331902
1058.9365333333335002
938.16106666666678393
696.44906666666656747
761.59360000000003765
727.75786666666658675
129.69920000000001892
809.44213333333323135
541.96693333333325882
120.70933333333329074
459.86453333333332694
14.614399999999996282
756.33066666666672972
1228.7285333333334165
1308.7466666666664423
672.97280000000000655
669.59253333333333558
500.92053333333331011
1038.6559999999999491
885.03466666666656693
858.45866666666677247
788.76693333333321334
239.49013333333331843
1315.5082666666669411
111.17333333333337464
539.21600000000000819
111.67253333333331966
767.86560000000008586
908.52906666666672209
1342.5034666666667817
1855.8037333333336392
641.90719999999987522
1959.8869333333334453
1590.9525333333331218
947.38773333333347182
1694.1503999999999905
685.03146666666657438
528.5770666666667239
652.77333333333331211
570.50986666666653946
938.96960000000001401
1000.39573333333351
277.68213333333335413
435.69813333333331684
1262.4063999999998487
352.09066666666660694
987.3898666666666486
528.32853333333321189
1025.0730666666668185
1806.7178666666668505
1293.2970666666667512
738.17706666666663295
52.558933333333300197
1548.4021333333330404
1114.9269333333331815
1542.5269333333330906
1390.0565333333333911
2408.5279999999997926
1966.6421333333335042
1202.4949333333333925
937.76426666666657184
785.64799999999991087
758.98346666666657256
1279.8976000000000113
1190.1087999999999738
2246.3840000000000146
2002.8128000000001521
2017.493333333333112
845.29599999999982174
1563.816533333333382
731.41013333333330593
1416.7306666666665933
2292.7520000000004075
1207.0517333333334591
814.74453333333326555
1433.1338666666665631
1490.6645333333331109
1065.777066666666542
1272.0437333333336483
605.28319999999996526
1866.2474666666666963
1916.0757333333333463
2338.3637333333335846
1020.2634666666663179
1133.3045333333334383
-353.18613333333343007
561.17013333333352421
2276.7530666666671095
1607.070933333333187
1509.5797333333332517
985.3578666666664958
459.27679999999992333
1707.6693333333334976
2181.3066666666663878
799.99360000000001492
1738.6079999999999472
1593.1317333333336137
1889.7909333333332143
1529.2672000000000025
2582.4437333333335118
3410.745600000000195
1188.3658666666667614
1421.812266666666801
1890.4032000000001972
-547.20106666666663386
1763.6800000000000637
1183.0624000000000251
898.85439999999994143
-514.06506666666678029
1268.0063999999999851
1456.0351999999998043
2679.5498666666667305
2531.8602666666661207
1821.1871999999996206
3011.5904000000000451
2236.9962666666669975
2063.2778666666667959
133.94346666666663737
1176.3189333333334616
2977.6906666666664023
2588.2165333333337003
2844.4160000000001673
2393.588266666666641
447.96373333333332312
2777.7024000000001251
2498.5408000000002176
3408.5589333333336981
-380.5066666666666606
819.01546666666672536
932.41066666666654328
664.13866666666672245
16.501333333333235487
875.96693333333325882
1677.000533333333351
-319.79626666666672463
550.20479999999997744
2691.5445333333336748
1542.9856000000002041
585.48159999999995762
-51.266133333333442579
503.37920000000002574
1892.1856000000000222
2484.2805333333335511
2325.0816000000004351
2356.0522666666670375
4015.5936000000001513
4713.4858666666659701
4127.9989333333332979
1542.278400000000147
2245.6597333333334063
1318.3455999999996493
899.38986666666676228
2306.6111999999998261
3620.6954666666674711
4863.3333333333339397
1498.3423999999997704
1656.0042666666670357
2191.3493333333335613
1789.4805333333329145
361.0677333333334218
1994.7573333333332357
3537.2575999999999112
4476.668800000000374
3876.6624000000001615
2127.6704000000004271
403.55626666666660185
-328.89599999999995816
1869.9903999999996813
1559.222400000000107
2751.8389333333334434
4398.188799999999901
2417.5935999999996966
2547.1903999999999542
3200.3733333333329938
1800.7338666666669269
1984.1589333333333798
2138.0138666666666722
2151.1893333333332521
2539.6576000000004569
3331.5722666666665646
5054.9461333333329094
3639.1936000000000604
2979.4271999999996297
1042.5674666666664052
1979.9423999999999069
3494.0234666666665362
2618.5898666666671488
2716.5802666666668301
2427.5914666666662924
2481.2266666666664605
1611.2821333333333769
802.95679999999993015
-100.36479999999977508
1332.0000000000002274
2043.7034666666665998
1567.8207999999999629
3269.8581333333331713
1582.2197333333333518
4228.0223999999998341
3846.3391999999998916
4526.8789333333324976
4592.4661333333333459
836.60053333333337378
6416.13226666666651
2639.9925333333330855
2679.2853333333332557
2879.4431999999997061
2394.7957333333333736
1747.955199999999877
5159.7482666666664954
2642.3754666666659432
2784.1898666666661484
-694.74346666666667716
-694.40533333333337396
72.897066666666319179
3566.8490666666666584
3967.9775999999997111
3568.7647999999999229
3736.7850666666668076
1298.3840000000000146
6596.3797333333341157
2751.5381333333325529
4089.6149333333337381
3514.3978666666657773
2641.0890666666664401
1851.8869333333327631
4942.4810666666662655
-739.33866666666676792
2880.4192000000002736
-117.24693333333343048
5117.1818666666667923
1686.7647999999999229
3374.9909333333334871
3702.8138666666663994
3545.2970666666669786
930.44906666666679484
951.68106666666687943
1572.9034666666666453
2773.3109333333336508
3300.0682666666662044
3939.4400000000000546
1183.0271999999997661
3013.7919999999999163
2354.5567999999998392
1066.3807999999999083
4753.0698666666667123
2475.268266666666932
2487.6469333333334362
2811.3973333333333358
2661.4943999999995867
4617.0912000000007538
4889.4922666666661826
7362.4778666666661593
3846.1834666666663907
3461.0474666666664234
2164.1066666666665697
4819.5594666666665944
3555.4645333333332928
4509.8378666666667414
6198.6837333333351125
4876.7765333333336457
6399.9765333333325543
4291.0079999999998108
5700.2656000000006316
2619.4666666666662422
7956.6826666666665915
5491.9871999999995751
4466.578133333333426
4014.3338666666677454
4548.1738666666669815
257.38986666666636438
724.47573333333389201
1594.6538666666665449
4437.5317333333332499
3335.1872000000003027
6387.8890666666657125
1621.3269333333330451
5317.7546666666667079
4078.8032000000007429
1553.8165333333331546
1520.3349333333330833
5506.7093333333323244
4136.8170666666665056
5708.6218666666663921
3871.8933333333325209
7071.3834666666662088
3323.5743999999986045
6815.3130666666666002
3615.9679999999998472
4084.5589333333332434
-1073.6746666666667807
1753.0016000000000531
1508.1023999999997613
3160.6495999999997366
2929.0304000000005544
4550.5023999999993976
4689.8378666666667414
3024.0671999999999571
8397.1392000000014377
2835.8133333333330484
3922.9866666666666788
-666.4202666666665209
5531.2511999999996988
3069.8314666666669837
4350.007466666666005
7163.1381333333329167
3928.3797333333327515
146.66239999999959309
5748.3274666666666235
4864.306133333332582
5519.4368000000004031
-565.47520000000008622
4965.8944000000001324
3883.2042666666670812
5185.2479999999995925
2783.4112000000004628
4953.7013333333334231
2056.7861333333330549
2203.7354666666660705
749.91359999999940555
-307.19040000000018154
3508.7573333333339178
4901.2821333333331495
3964.937600000000657
1642.9578666666666322
2926.3210666666673205
7447.5253333333330374
2666.9749333333334107
5714.8960000000006403
2664.6410666666670295
2702.3402666666665937
4540.453333333332921
7020.9642666666668447
3056.7797333333337519
2850.3925333333336312
4725.2469333333328905
4941.0751999999993131
5163.1893333333337068
379.09759999999994307
4073.9317333333337956
5211.8346666666657256
6332.9162666666670702
6563.5295999999998457
2212.8970666666664329
5531.6416000000008353
1868.6474666666663325
2588.7615999999998166
1025.1584000000000287
4965.4069333333336544
7618.9120000000011714
5608.7466666666668971
4490.4661333333333459
2546.4352000000008047
9634.397866666666232
1772.7103999999997086
4317.0538666666670906
2726.4480000000003201
4846.6282666666666046
3164.7445333333330382
1859.4816000000005261
394.68159999999971888
-1219.7397333333335609
687.0751999999997679
319.91146666666679721
936.70720000000005712
1369.1765333333330545
10245.689600000001519
7964.6122666666678924
6613.5775999999996202
7537.4954666666653793
4166.4842666666663717
2137.0186666666668316
3439.8591999999994187
2833.4783999999999651
6569.8346666666657256
2923.4848000000001775
4224.5546666666659803
22.746666666666556011
-132.64533333333338305
-1497.3141333333333023
1889.4239999999995234
-1354.8074666666666417
6919.5018666666655918
5231.7749333333331379
7880.2336000000013883
3928.0895999999997912
5420.5685333333331073
2294.8831999999997606
8423.9413333333322953
2079.0069333333331087
2000.5503999999996267
2320.8479999999999563
3600.3157333333329007
3837.5690666666669131
4803.9829333333327668
5602.1834666666654812
6022.2581333333328075
1401.2447999999999411
2276.2037333333332754
2363.5701333333331604
1566.9311999999997624
4233.1850666666668985
6423.1296000000002095
7742.348800000000665
6292.9536000000007334
10789.457066666665924
11053.801599999998871
10010.243200000000797
7492.8703999999997905
8660.7861333333348739
7278.410666666666657
3570.8842666666660079
2090.0597333333330425
4017.0602666666668483
4280.9621333333334405
5526.9642666666668447
4443.7429333333329851
959.40906666666637648
6321.7685333333338349
2541.37920000000031
4407.8229333333329123
2140.5567999999993845
526.84373333333269329
-38.811733333333222618
-474.41173333333290429
796.64533333333292831
3376.9333333333329392
7551.352533333332758
9097.4826666666667734
6032.7082666666665318
8361.1189333333331888
7093.3941333333332295
5818.3210666666673205
7717.6106666666673846
2364.8693333333330884
2294.1151999999997315
3427.9456000000000131
1690.4629333333325576
9026.3189333333320974
7309.4645333333337476
11868.915199999999459
8108.0032000000001062
6358.125866666667207
5151.4890666666669858
1355.1637333333333117
-671.46880000000055588
-749.83680000000026666
4129.3077333333330898
6987.4133333333338669
6283.0261333333337461
9511.1125333333347953
2542.5493333333333794
4350.2954666666664707
2919.8463999999999032
8676.1792000000004919
5728.4458666666660065
5008.2111999999997352
2476.1418666666668287
2138.4597333333331335
-592.54400000000032378
6330.7466666666668971
4785.4698666666663485
581.9797333333331153
3529.5039999999999054
5186.7434666666667908
6485.8655999999991764
8707.2394666666659759
9927.2128000000011525
5409.0752000000002226
3834.582400000000689
3200.5791999999996733
-704.90773333333322626
2274.3114666666665471
4435.7482666666674049
883.50933333333273367
7263.3823999999995067
9729.3738666666649806
3326.8042666666665355
2193.6501333333335424
3264.8874666666661142
1471.0090666666660582
10572.662400000001071
1078.243199999999888
4504.6442666666662262
1764.6986666666664405
3110.1237333333333481
4919.6405333333332237
7718.8714666666664925
4451.3557333333319548
10156.339200000000346
5638.1130666666649631
7186.1909333333323957
1116.3296000000007098
2276.2773333333334449
7237.7578666666659046
7050.2282666666669684
4123.5658666666658974
2582.0074666666669145
2883.0933333333332484
5438.9461333333319999
8198.9567999999999302
6937.6063999999996668
6742.285866666666152
2197.0570666666662873
6682.4053333333331466
3024.4575999999997293
3003.2821333333331495
7513.4197333333331699
4133.7322666666668738
3718.671999999999116
4149.3706666666657839
1143.2938666666659628
7065.4495999999999185
9205.9039999999986321
5080.2346666666671808
5190.88533333333271
5799.8015999999997803
6219.7877333333326533
2172.4703999999996995
8877.1722666666682926
5948.1194666666679041
-2313.1189333333336435
1058.2144000000002961
6716.098133333334772
4340.2015999999994165
7017.964799999997922
6532.5205333333324234
7776.2208000000009633
3761.0410666666666657
6350.0938666666670542
11125.300266666668904
4602.5909333333329414
4822.5802666666668301
3164.777599999999893
5677.0719999999992069
9138.1781333333328803
2128.4469333333327086
5486.5002666666669029
675.93706666666662386
-2274.6293333333333067
1625.9562666666661244
5013.2255999999997584
1207.1615999999999076
2258.3903999999997723
3546.3573333333338269
4827.9498666666659119
-921.8634666666666817
5477.2213333333329501
3788.0778666666665231
2828.0064000000002125
3566.5354666666657977
9601.128533333332598
7041.2597333333342249
5092.1823999999996886
2937.9733333333338123
-2436.2816000000002532
-1463.404800000000705
6780.3605333333325689
7316.236799999998766
13529.490133333332778
6566.5045333333337112
4394.765866666666625
1583.9935999999995602
2575.108266666666168
7938.0874666666668418
7501.4250666666666802
5104.8117333333329952
5105.9466666666658057
12955.473066666665545
7568.292266666667274
7122.7765333333327362
7471.7589333333326067
700.89066666666678884
5159.5018666666665013
3837.6831999999994878
5961.2277333333331626
2607.4805333333333692
3844.5408000000002176
3758.9130666666678735
10605.622400000000198
11060.313599999999497
10739.806933333331472
10312.706133333333128
4226.4661333333333459
8195.7536000000000058
2979.3535999999994601
7882.8447999999998501
11196.985599999998158
8581.6949333333341201
11100.009600000001228
7257.5583999999998923
8265.5829333333349496
6105.442133333333004
4877.6458666666649151
404.21760000000040236
9714.54399999999805
8922.2432000000007974
3048.3946666666665806
5015.5008000000007087
9427.4549333333343384
861.57333333333326664
7016.3946666666670353
6917.929599999999482
9594.2762666666658333
8915.9178666666666686
8227.289600000000064
5081.1530666666667457
6144.2453333333332921
5454.0234666666665362
11684.098133333334772
6763.1338666666661084
5475.1349333333328104
9379.9701333333323419
8325.6106666666655656
8576.8522666666667646
12626.882133333332604
9661.6191999999991822
9203.9744000000009692
11143.989333333332979
5656.9429333333337127
5425.0581333333320799
10590.519466666666631
11555.162666666665245
11690.868266666666386
4134.0895999999993364
5949.5381333333325529
10779.635200000000623
645.47413333333315677
8033.741866666666283
8781.5669333333335089
13875.670400000000882
7938.2549333333327013
3822.3242666666665173
6148.8757333333333008
9432.0298666666658391
11044.648533333333035
-1534.714666666667199
9732.9951999999993859
5693.2031999999990148
16639.182933333329856
8916.2271999999993568
7686.6602666666676669
2886.1898666666666031
3633.3951999999990221
2902.8021333333335861
6986.6517333333322313
5643.2309333333332688
9987.5455999999994674
2297.8783999999996013
7904.9440000000013242
8777.0698666666667123
3921.9744000000000597
4698.4842666666681907
3063.8773333333333539
7330.1056000000007771
6706.4607999999998356
1308.921600000000808
7237.0976000000009662
7889.9264000000002852
2191.9935999999993328
12584.728533333334781
6389.5925333333334493
7789.6426666666666279
6422.1407999999973981
1446.5514666666672383
5409.1104000000004817
10657.793066666668892
9257.1797333333324787
14643.708800000000338
5819.0442666666676814
9426.8501333333333605
12651.660799999999654
14084.46826666666675
7394.7850666666654433
6499.7855999999974301
11557.678933333332679
13140.019199999998818
8864.5514666666658741
11212.705066666663697
6419.2287999999998647
15152.406399999999849
7483.8101333333315779
14402.408533333329615
9074.8106666666644742
10136.752000000000407
8421.7567999999992026
5695.9765333333334638
-1517.912533333333613
8740.6944000000003143
4922.0586666666667952
3619.7173333333330447
4545.8485333333328526
9181.6149333333341929
5625.03786666666565
10527.378133333333608
6810.5557333333335919
-1148.6954666666665617
2736.3082666666659861
2993.6586666666662495
13136.286933333332854
9809.0111999999990076
5544.6986666666662131
12931.107200000002194
7027.7770666666656325
11480.279466666666849
5034.682666666665682
10420.680533333332278
3842.3722666666672012
6675.6000000000003638
5455.5061333333351286
5753.0506666666642559
6163.6522666666660371
7928.1055999999989581
6302.9717333333337592
5623.8165333333326998
8393.1232000000018161
2926.7935999999999694
15231.405866666666043
7715.7951999999995678
12945.708800000000338
11716.761599999999817
8153.2789333333339528
-1180.186666666667179
6398.1621333333323491
8752.4245333333310555
8196.6847999999990861
8911.2213333333347691
2824.4501333333332695
6569.8368000000009488
4917.3461333333325456
2833.6095999999993182
9252.2602666666680307
7161.2640000000010332
3259.7610666666664656
9983.2319999999999709
11672.786133333333055
9991.6106666666655656
6922.4095999999990454
4564.3082666666678051
13416.65173333333405
10613.050666666667894
15002.694400000000314
15014.099199999998746
14882.699733333332915
16049.021866666666028
8138.9066666666658421
6561.9349333333329923
6019.4751999999980399
4610.7167999999992389
1068.482133333333195
1623.5701333333327057
11627.555200000002515
6054.9855999999999767
6055.2351999999991676
919.93173333333299979
7817.282133333334059
8963.5957333333335555
7674.1802666666662844
8270.0821333333351504
1347.7333333333335759
14350.608000000000175
5835.9871999999986656
8017.6981333333324073
10923.877333333333809
7601.1168000000006941
16900.730666666666366
8493.8549333333357936
11560.987733333331562
4858.467200000000048
12902.14719999999943
2095.8410666666663928
7076.0906666666678575
-1831.7066666666669335
13113.146666666665624
8869.3738666666686186
8577.6405333333332237
6677.1680000000005748
3009.835733333333792
498.39466666666635319
6860.9152000000012777
-2606.3242666666665173
11309.329066666667131
3620.724266666667063
5996.6773333333330811
8084.6314666666658013
-88.958933333333902738
15853.842133333329912
11540.482133333332968
12442.797866666669506
8136.8746666666656893
9781.5424000000002707
15496.441600000000108
16864.531199999997625
20631.962666666666337
12378.515200000001641
7283.7600000000002183
5789.4783999999981461
9561.1594666666642297
3538.3093333333326882
12621.193600000000515
15206.705066666667335
12939.793066666665254
18273.025066666668863
14800.997333333336428
18311.770666666667239
13763.354666666666162
5705.0346666666664532
19142.96213333333435
14888.29973333333146
14440.305066666667699
16758.97706666666636
14016.906666666667661
15867.680000000000291
8361.0111999999990076
13609.162666666667064
11312.326399999999921
13015.514666666666017
6845.0794666666661215
15980.552533333331667
11215.938133333333099
5175.73546666666698
10764.474666666666963
8762.5429333333340765
10175.607466666666369
15939.377066666665996
12841.93386666666629
18152.855466666664142
15992.006400000000212
9286.4757333333309361
10867.84213333333355
8374.6389333333336253
13080.169600000001083
6654.3157333333338102
4627.8602666666665755
9825.8133333333316841
4481.7482666666655859
17258.420266666664247
15702.076800000000731
10023.26720000000023
14158.99733333333279
4968.5130666666664183
12604.319999999999709
8171.7055999999993219
9281.9861333333337825
16776.9365333333335
9784.292266666667274
-903.20213333333413175
3409.6831999999999425
5992.2730666666684556
7115.6565333333346643
7284.5621333333347138
11931.306666666667297
16764.325333333334129
6018.3989333333311151
3126.7957333333333736
4898.6858666666666977
12008.87039999999979
7974.1247999999995955
8954.1728000000002794
6224.4970666666667967
5398.5536000000001877
9960.6602666666676669
7700.5653333333357295
15831.273600000000442
7073.6288000000004104
17821.293866666666872
6424.1162666666668883
9859.1935999999986961
730.23999999999955435
17906.044799999999668
21361.484799999998359
21052.664533333332656
11882.36586666666517
22910.593066666668165
19478.582399999999325
17023.182933333333494
10944.202666666667938
6341.4272000000000844
16094.862933333331966
9988.3488000000015745
16791.322666666666919
10660.638933333331806
8357.0741333333317016
2406.4671999999991385
8714.8938666666654171
2727.8997333333336428
6899.1317333333336137
1725.493333333333112
1243.6789333333331342
7598.4970666666667967
10275.640533333331405
6440.3605333333325689
2401.1882666666656405
12157.457066666664105
-260.24426666666704477
5103.4431999999997061
-602.54613333333293212
3784.7071999999998297
567.03573333333361006
4972.0842666666667355
1091.6522666666664918
9550.0224000000016531
11425.05386666666891
15674.195200000000114
11604.567466666667315
9930.828799999999319
13691.797333333333881
3299.118933333332734
18152.074666666667326
15262.596266666665542
21254.250666666666802
13074.285866666667062
15648.465066666665734
13778.359466666668595
16545.629866666666203
12953.550933333332068
7794.5205333333342423
17111.929599999999482
5589.8314666666665289
5236.7445333333325834
3701.2063999999995758
763.74293333333275768
12007.01759999999922
18085.788799999998446
12206.185600000000704
14290.24426666666659
12589.148799999999028
13632.586666666666133
10505.042133333332458
7045.9402666666665027
5293.7610666666669204
5820.2527999999983876
10573.148799999999028
13552.5450666666693
7595.8293333333331248
3751.1648000000004686
4276.7711999999992258
13602.325333333334129
14145.549866666664457
13083.753600000000006
9938.4138666666676727
8015.6309333333319955
9245.874133333330974
12805.606400000002395
11749.387733333333017
3965.4325333333340495
13189.173333333334085
6285.9477333333334172
4496.5845333333327289
11632.266666666666424
10574.011733333330994
14852.014933333333829
14704.236799999998766
2747.2629333333325121
2927.5007999999997992
2223.644800000000032
2941.2799999999997453
10650.923733333334894
10297.659733333333861
17293.724799999999959
16433.341866666665737
9439.4581333333335351
14304.702933333333931
7093.0272000000004482
13243.953066666666928
8735.6426666666666279
13269.949866666667731
10036.519466666666631
8403.9487999999983003
5142.6303999999981897
11149.2469333333338
14434.791466666669294
13348.56000000000131
9547.365333333333183
6995.4645333333328381
16299.770666666667239
19978.314666666668927
9578.1994666666669218
10667.940266666666503
811.33119999999962602
5398.4042666666664445
5947.7375999999985652
19537.588266666665731
10361.623466666667809
11838.166399999998248
7084.1759999999985666
10403.540266666666867
2651.457066666666833
7818.8661333333348011
640.92160000000035325
6743.3312000000005355
7486.1984000000002197
-107.94133333333354585
11392.345600000000559
6205.5157333333336283
5277.2277333333304341
1943.1349333333332652
9203.5605333333332965
3250.1205333333332419
1186.5695999999998094
8856.0192000000006374
7934.5482666666675868
-113.32480000000032305
4376.3616000000019994
3652.4970666666658872
10779.679999999998472
8718.7850666666654433
16054.729600000000573
640.26346666666620422
5919.4015999999992346
1212.9535999999993692
3467.7045333333326198
9527.352533333332758
14271.749333333333198
9342.4629333333341492
14468.703999999997905
9184.4874666666655685
-3144.1493333333332885
11854.443733333333512
6346.3264000000008309
12465.645866666665825
16656.001066666663974
12460.833066666666127
18598.213333333333139
16711.286399999997229
24747.44106666666994
13466.77333333333263
11377.547733333332872
9098.1525333333338494
5247.9989333333342074
262.67093333333241389
-3376.3306666666667297
5283.3642666666664809
6438.4426666666668098
6445.8634666666657722
7219.0090666666674224
14181.60853333333398
10712.856533333333573
16905.127466666668624
6078.1930666666648904
2801.4698666666668032
11347.487999999999374
3764.5920000000000982
6300.8789333333334071
8846.0191999999988184
14486.550399999998263
-712.77973333333375194
2226.0682666666652949
5952.3317333333325223
4575.7994666666654666
19653.895466666665016
20647.223466666662716
17121.544533333333675
5367.0464000000001761
-1878.4490666666665675
671.02933333333362498
3814.1237333333324386
9346.2901333333320508
9540.4277333333320712
14090.848000000001775
12711.040000000000873
23793.803733333334094
13334.902399999999034
22447.002666666663572
6405.0122666666684381
6630.5791999999983091
13988.479999999999563
8825.2000000000007276
24338.43733333333148
7247.4154666666672711
14428.161066666667466
12440.571733333330485
7854.529066666664221
-121.7205333333326962
8888.5663999999997031
13487.237333333334391
5285.4047999999993408
15324.449066666664294
14726.92160000000149
18347.387733333333017
9929.3568000000013853
-2331.2864000000004125
11158.344533333332947
8348.4575999999979103
21050.761600000001636
17248.061866666666901
12596.770133333333433
11598.009599999999409
11436.154666666663616
10818.530133333333652
22788.751999999996769
17738.08640000000014
15910.388266666670461
20416.718933333333553
8020.1770666666652687
19428.920533333330241
9467.4879999999993743
5779.7930666666661637
8451.8901333333324146
3774.1269333333320901
7855.0549333333328832
8267.7813333333342598
6641.8506666666662568
6432.0992000000005646
2336.3541333333328112
13659.131733333331795
11795.666133333332255
17565.810133333332487
-527.49760000000048876
7502.459733333332224
6687.4943999999995867
8345.4421333333320945
6695.3418666666666468
9188.1589333333322429
15193.713066666665327
16657.595733333335374
16050.683733333335113
16063.416533333333064
21274.738133333328733
4651.7920000000003711
4024.871466666665583
5088.8490666666675679
4892.9087999999992462
29495.774933333334047
14909.715199999998731
22855.123200000001816
5943.1157333333339921
10758.162133333333259
6143.4346666666679084
17287.463466666667955
14144.691200000004756
22129.585066666666535
13765.91359999999986
16695.377066666667815
13143.492266666666183
7453.1733333333340852
26443.380266666663374
4945.7002666666658115
13186.632533333333413
20387.652266666664218
8119.483733333332566
8552.926933333334091
7298.7477333333335991
16435.194666666666308
18336.254933333333611
16018.170666666665056
10719.877333333330171
20095.36426666666739
1994.4426666666677193
13303.763200000001234
1170.253866666664635
7554.4650666666666439
9063.853866666666363
11211.656533333332845
10360.5695999999989
1586.8117333333325405
11029.584000000000742
15752.909866666666858
4166.0938666666661447
13842.505600000000413
12564.86506666666719
10641.019733333334443
3973.73546666666698
18632.183466666665481
7861.1136000000005879
10670.171733333332668
17819.487999999997555
5055.3557333333328643
20014.197333333333518
20907.925333333336312
28070.698666666663485
19405.040000000000873
18986.792533333333267
15102.199466666668741
27070.91626666666707
15769.708800000000338
15564.561066666667102
13830.796800000000076
10559.385599999999613
2698.8490666666662037
1407.5743999999986045
-4066.9002666666674486
5121.1616000000003623
7123.4154666666681806
6891.0879999999997381
10845.501866666663773
4912.1589333333331524
15493.027200000000448
13966.076799999998912
21445.356799999997747
-2557.9935999999997875
10020.009599999999409
8038.3519999999980428
14463.377066666664177
9602.5269333333326358
23991.833599999998114
17592.98240000000078
11390.852266666666765
9851.3301333333329239
-3024.1770666666670877
12313.144533333334039
1880.6261333333332004
13224.209066666666331
21255.051733333333686
22389.50186666666923
15251.92853333333187
7901.609599999999773
6794.8383999999978187
9933.8602666666665755
20019.295999999998457
4116.8341333333328294
21390.645333333333838
17371.127466666664986
23668.133333333335031
28402.880000000004657
16725.405866666667862
3914.6165333333328817
10681.557333333332281
10240.645333333333838
6407.4015999999992346
13628.164266666664844
9135.1701333333330695
5523.8794666666653939
17064.449066666667932
11408.126933333331181
12111.154133333335267
13237.813333333335322
7349.533866666668473
8731.9658666666691715
-1032.0373333333350274
9649.9360000000015134
-142.6634666666677731
20840.428800000001502
5790.4544000000014421
8305.9360000000015134
7182.4319999999988795
15865.853866666664544
28921.494400000003225
15206.602666666663936
28964.312533333333704
14540.09173333333456
16386.703999999997905
3756.8768000000004577
13884.897066666666433
9071.4122666666662553
9754.3423999999995431
6087.9839999999994689
7936.8981333333340444
27781.805866666665679
12793.273600000000442
12106.593066666664527
25298.57493333333332
14915.812266666667711
11896.898133333335863
23730.601600000001781
19596.964266666665935
24933.826133333335747
21929.785600000002887
12871.924266666665062
23125.130666666667821
-2464.2058666666671343
14082.658133333334263
10360.700800000000527
16894.621866666668211
5000.3296000000000276
16225.277866666665432
9222.8063999999994849
15076.525866666663205
8049.6192000000010012
17676.363733333331766
15129.863466666663953
29441.34933333333538
23589.545600000001286
13955.59786666666696
13505.655466666668872
10704.975999999998749
21548.611199999999371
16137.08373333333293
32670.136533333334228
16153.784533333335276
8603.380266666665193
17842.968533333332743
11216.852266666666765
16906.696533333335537
3656.870399999998881
8648.6293333333305782
9115.7151999999987311
22906.802133333338134
15319.745066666668208
12231.686400000000503
8208.2730666666648176
23215.188266666664276
24659.859200000002602
13936.951466666663691
8219.0986666666667588
8952.8469333333341638
14448.1834666666673
20211.687466666666296
14710.210133333332124
9680.5269333333326358
4167.274666666664416
15709.96906666666473
3230.2944000000002234
13557.160533333331841
10683.086933333332126
20327.715199999995093
23486.214399999997113
7802.5183999999972002
19896.421333333335497
18948.03626666666969
34660.207999999998719
9521.1520000000000437
16318.371199999997771
-626.39360000000010587
17799.236266666666779
10776.579200000000128
10768.949333333333925
32411.34933333333538
12018.830933333334542
14697.036799999999857
4228.662399999999252
11061.383466666668028
13763.847466666666151
13037.769599999999627
19879.52106666666441
17195.085866666664515
18442.681600000003527
14537.814400000001115
13552.687999999994645
1324.2709333333325503
2812.9429333333318937
18754.150399999998626
7470.2069333333329268
26150.547200000000885
12647.515733333331809
20280.401066666665429
4777.0474666666659687
2313.1487999999994827
9476.0991999999987456
25040.420266666667885
5772.8064000000003944
16408.830933333334542
605.79200000000173532
15455.029333333330214
18679.397333333330607
6539.1594666666651392
22913.914666666663834
8542.5482666666630394
-4858.1386666666667224
2588.8266666666659148
10057.217066666666142
13800.301866666666683
17285.754666666663979
13321.393066666665618
13822.387199999999211
25311.164799999995012
12840.166399999998248
21353.161599999999453
11369.94986666666955
1594.7914666666674748
24662.135466666666616
3861.7439999999978681
23440.609066666664148
11408.027733333332435
11409.251199999998789
21223.332266666664509
16448.890666666662582
9680.2357333333311544
22033.629866666666203
27078.066133333330072
16495.041066666664847
21558.423466666663444
14765.156266666668671
12993.322666666668738
23896.806399999997666
19607.793066666665254
14280.372266666663563
12533.062399999998888
6199.3717333333315764
13304.332799999996496
16108.256000000003041
18666.587733333333745
-148.9749333333334107
16395.85280000000057
4937.233066666666673
22296.390399999996589
15930.296533333330444
33807.816533333330881
9039.4495999999999185
16210.456533333335756
12138.792533333331448
9582.5535999999992782
7271.8175999999975829
24980.061866666663263
12935.262933333335241
14737.254399999999805
13202.335999999999331
5502.3104000000002998
14250.361600000001999
4753.8176000000003114
17626.725333333331946
27178.482133333331149
14027.547733333332872
24118.206933333334746
15338.782933333332039
6819.4698666666663485
-2212.8053333333346018
10207.431466666665074
22645.374933333328954
11249.702400000000125
13588.648533333333035
5565.5647999999982858
12573.404799999998431
19343.886933333335037
12071.831466666666529
26659.275733333332028
4264.1333333333332121
11824.68693333333249
5068.2496000000001004
8211.0783999999985099
16298.316799999998693
23890.476800000000367
16586.99199999999837
19472.277333333335264
32576.699733333338372
7968.4895999999989726
16628.538666666670906
25298.237866666670016
15344.684799999999086
19544.867200000000594
19290.494933333335212
17217.116799999999785
-3045.9658666666668978
20393.749333333333198
6954.9045333333351664
3803.1018666666659556
1694.4874666666655685
10154.716800000001967
8032.6453333333329283
20211.894399999997404
23412.801066666666884
32961.724799999996321
27142.058666666667705
36711.433600000003935
20018.457600000001548
16292.427733333337528
1170.2101333333328057
-150.63466666666818128
-954.17919999999992342
3825.4538666666676363
5711.3749333333316827
20117.325866666662478
20659.133866666670656
15859.194666666666308
5984.7903999999998632
10790.629333333336035
-425.05493333333424744
-5235.9722666666648365
-2837.3546666666679812
6811.7887999999984459
17009.130666666664183
7095.1520000000009532
8713.171200000000681
-158.4159999999997126
12207.549866666669914
10608.710399999999936
11159.194666666664489
14106.89600000000064
6586.6815999999980704
3349.532799999999952
9286.3850666666658071
7954.7391999999999825
7417.8570666666682882
21220.718933333337191
17154.898133333332225
15540.122666666664372
3647.1583999999993466
22359.724799999996321
19660.681599999996251
16662.395733333331009
16149.152000000000044
16982.146133333335456
21345.318400000000111
19170.83520000000135
33352.973866666667163
11010.066133333330072
8296.4149333333334653
6401.3429333333333489
-3449.4229333333328213
9958.0490666666664765
17626.613333333334594
-1801.5999999999994543
11889.090133333331323
12987.330133333332924
12998.292266666667274
8630.8383999999987282
10004.239999999999782
29248.891733333333832
11102.906666666665842
27907.314133333329664
12780.227200000001176
31793.54133333333084
29621.537066666671308
15830.152533333337487
26890.782933333332039
23596.353066666666564
11718.705066666667335
29711.22986666666111
26393.161599999999453
20873.889066666666622
4004.554666666666435
17307.468800000002375
22598.647466666665423
34542.220799999995506
18988.757333333331189
29025.322666666666919
18758.981333333333168
24606.946133333334728
20177.341866666669375
23796.125866666665388
16844.472533333333558
-725.42613333333315495
3178.9664000000007036
9621.0784000000003289
19413.911466666664637
12142.210133333333943
22224.635733333336248
18602.898133333335863
27868.515200000001641
13859.073066666667728
12740.792533333333267
27918.931200000002718
10798.781866666668066
34420.787199999998847
25719.361066666664556
37838.495999999999185
22640.316800000000512
26321.605333333332965
11687.20640000000094
6053.5487999999986641
19599.575466666668945
6054.6677333333336719
23015.867733333332581
16797.97866666666232
17962.707200000004377
13160.111999999999171
40654.565333333332092
23089.358933333332971
17420.730666666670004
19438.920533333333879
16029.839999999998327
24275.198933333333116
18332.471466666669585
13511.107199999998556
17493.851733333332959
28902.949333333333925
-3591.898666666666486
14958.828799999999319
26688.682666666663863
24970.588799999997718
25836.517333333333227
10715.981866666668793
-3599.7856000000010681
15589.355733333333774
21055.299200000001292
20473.265066666663188
11022.669866666667076
11605.114666666668199
10470.543999999999869
24264.552533333335305
13355.636266666664596
22301.382400000002235
36988.161066666667466
31821.870933333331777
13095.195733333333919
13104.121600000000399
13682.582399999999325
7630.3392000000003463
7343.1210666666675024
-6240.564266666666299
-3643.3664000000003398
21855.722666666668374
12584.496000000002823
15186.917333333331044
13180.647466666667242
6218.9013333333332412
14359.171199999998862
10296.360533333332569
11466.932266666666692
-4249.9637333333339484
9144.3168000000005122
16156.760533333330386
9448.7509333333327959
5081.2085333333325252
2158.4415999999996529
1579.7717333333328042
5374.4714666666650373
6558.8543999999992593
11253.672533333330648
12129.95946666666714
9782.3050666666676989
12734.61013333333176
-2518.9023999999999432
13325.538133333333462
9525.317333333334318
25997.724799999999959
33052.398933333337482
25719.078400000002148
9834.146133333333637
20752.149333333334653
11324.041599999998652
29612.444800000004761
11343.575466666667126
12523.089066666665531
8100.8330666666661273
16388.42239999999947
30005.275733333335666
11963.848533333331943
31811.146666666671081
-1656.0629333333333761
15543.734399999999368
14367.553066666667291
12001.926400000000285
6353.3066666666645688
23307.246933333328343
7561.3119999999980791
20958.337066666666942
17110.662400000001071
19784.087466666667751
18904.846933333330526
5789.3258666666679346
15054.146133333333637
10583.727999999999156
27614.780800000004092
21054.798933333331661
19278.450133333331905
22881.740800000003219
16585.234133333338832
18108.788266666666459
12433.60853333333398
20821.329066666665312
-1684.4800000000004729
22365.761066666666011
22385.222399999998743
10037.462400000000343
23896.542933333334076
28148.074666666667326
16401.987200000003213
26954.524799999999232
17922.603733333329728
15525.636266666664596
14013.736533333332773
5560.0266666666648234
21598.6208000000006
30393.0634666666665
23133.04853333333449
20126.883200000000215
26190.338133333334554
19540.052266666669311
27437.121066666662955
38990.970666666675243
10144.935466666665889
13196.752000000000407
8342.453333333336559
8038.5909333333338509
29972.973866666674439
20544.246400000003632
20555.385600000001432
40698.91626666666707
15080.629333333334216
14170.136533333334228
-1414.9333333333343035
17869.912533333335887
22476.197333333333518
8683.7504000000008091
21260.956800000003568
-3861.4549333333325194
7483.5445333333336748
4125.1050666666660618
11790.30506666666588
9646.0117333333328133
5051.3813333333337141
6583.1690666666690959
19816.318933333335735
745.42613333333383707
15229.463466666667955
18932
19249.818666666666104
14940.708266666668351
28850.5183999999972
22056.454399999998714
23004.89600000000064
21475.023999999997613
27358.225066666665953
8799.0549333333328832
33596.87146666667104
19971.132800000003044
19046.031999999999243
30851.227733333333163
4469.9605333333338422
1684.5088000000002921
6971.2608000000000175
16927.614933333334193
13520.836266666665324
12574.044799999997849
29736.481066666667175
16971.99466666666558
27272.743466666666791
26657.59786666666696
16361.863466666665772
13567.558399999999892
9202.8490666666657489
12009.428266666665877
17331.770666666670877
13608.485333333333983
9533.7226666666647361
18931.874133333334612
6099.3941333333332295
13011.352533333334577
17397.986133333331964
20566.666666666667879
33779.011200000000827
4206.382933333332403
28464.323200000002544
13683.135999999998603
31012.63466666666136
21890.232533333331958
-2399.2576000000012755
31075.356800000001385
14337.14026666666723
31106.04586666666728
18159.534933333336085
26396.040533333336498
22289.937066666665487
17863.077333333330898
13118.825600000000122
14068.064000000002125
-496.65920000000051004
11570.418133333332662
2677.0517333333336865
18247.393066666667437
32250.782933333339315
16981.157333333336283
28465.862400000001799
4276.857600000003913
6819.9615999999987253
3643.7237333333337119
3314.6293333333323972
19922.669866666667076
10364.063999999998487
10033.907199999999648
11647.765333333332819
23815.682133333335514
36307.80800000000454
28949.34400000000096
8459.0847999999987223
2375.766399999999976
9759.7845333333334565
15867.683200000001307
29034.964266666669573
13625.987200000001394
30993.555200000002515
8187.0869333333357645
27487.957333333335555
7862.5802666666668301
5614.7029333333330214
17870.356266666669399
28845.020800000005693
15306.930133333331469
32753.646933333333436
35021.146666666667443
42813.657599999998638
23754.893866666669055
21801.566933333328052
12443.311999999998079
133.53279999999836036
11477.558400000001711
11175.732266666665964
21868.329599999997299
19937.755733333335229
22888.201600000000326
28094.476800000004005
8259.2757333333338465
23892.652800000003481
6964.7978666666649588
18709.613866666670219
8931.5338666666666541
23623.713066666667146
26569.201066666668339
37681.977599999998347
19077.301333333329239
3717.7258666666666613
14191.734399999993911
12573.860266666664756
10948.372266666667201
15201.940266666666503
13903.051733333333686
17521.835733333333337
25719.386666666669043
23105.689600000001519
465.75253333333444061
18210.915200000003097
10661.307733333331271
4736.1984000000002197
19881.225599999997939
4424.4405333333324961
15283.657600000002276
28825.788800000002084
9037.3333333333339397
5406.8309333333318136
4438.5258666666668432
11043.45066666666753
28889.541333333334478
18660.118399999999383
7087.2906666666658566
31265.816533333330881
29955.595733333331737
31285.97013333333598
15393.6895999999997
27338.768000000003667
3455.4687999999991916
3454.4789333333319519
-4179.4122666666662553
6452.4512000000004264
30419.913599999996222
11451.011199999993551
23121.813333333331684
24468.920533333333879
13467.752533333334213
15809.708800000000338
17831.617066666665778
15504.856533333331754
23185.195733333333919
22196.262399999999616
124.62079999999969004
7164.5098666666663121
8180.236800000000585
10531.312000000001717
29300.805333333333692
20931.644800000001851
16576.054399999997258
28002.416000000001077
18273.649066666665021
48197.811199999996461
13925.656533333331026
16620.683733333335113
2153.4357333333323368
8887.9733333333333576
14290.969600000000355
12616.257066666665196
7229.8730666666660909
15665.047466666665059
29519.081599999997707
25134.894933333333029
9249.5200000000004366
11295.420799999999872
3522.2666666666668789
11322.745600000000195
21825.527466666662804
32667.657600000002276
23192.184533333336731
19140.883200000000215
-1896.1578666666664503
25951.986133333331964
16438.797866666664049
19170.123733333333803
18184.55466666666689
12382.683733333331475
19543.420799999999872
10031.383466666668028
37979.835733333333337
31511.662933333333058
20953.604266666661715
43153.764266666672484
18584.06613333333371
17564.942933333331894
28183.969066666672006
23055.394133333335049
28549.756799999999203
28552.042666666668083
22403.121066666670231
8378.8938666666690551
22437.262933333338879
24162.053333333329647
-1238.8842666666669174
28999.305599999999686
20078.67093333333105
19392.256000000001222
16314.644266666664407
13565.845333333330927
8399.909333333333052
-2617.1946666666672172
8765.9626666666645178
833.97973333333288792
31887.296000000002095
14642.226133333329926
33995.773866666670074
17780.877866666669433
36798.884266666675103
23319.579733333332115
18485.024000000001251
6371.7887999999993554
26132.58986666666533
11918.812799999996059
8116.2015999999994165
10564.309333333334507
25844.615466666669818
26888.318933333335735
32813.750400000004447
18925.156266666665033
18237.855999999996129
32166.789333333334071
-1608.9589333333351533
34991.944533333327854
6768.3872000000019398
15140.968533333332743
12367.026133333331018
22833.155199999997421
24254.807466666665277
3283.812266666664982
28472.946133333334728
9241.8965333333308081
15890.379733333331387
27812.439466666663066
23978.310399999994843
8555.4335999999984779
41183.846399999994901
6451.5839999999980137
18753.982933333332767
19120.406399999999849
30027.962666666666337
46211.839999999996508
30041.122133333330567
23380.300799999997253
12459.34400000000096
23762.467199999999139
9659.9765333333343733
25174.099200000000565
7214.9194666666671765
22737.629866666669841
14991.212799999997515
37601.99040000000241
16395.230933333335997
-3041.9242666666687001
14323.518933333329187
21392.358399999997346
9358.4490666666661127
19288.420266666667885
26397.630933333333815
49114.648533333333035
47361.406933333339111
37793.416533333329426
35319.956266666667943
25032.3669333333346
10822.131199999999808
15809.286399999999048
10815.813333333331684
22219.775999999998021
10493.431466666665074
5503.6767999999992753
25476.869333333332179
16564.645333333333838
13009.573333333330083
25161.908266666661802
13015.650133333330814
16227.092266666664727
26989.011199999997189
14113.149866666670277
27359.845333333334565
3739.5786666666654128
-213.62773333333416304

