-4.4666666666666667851
7.4853333333333313959
16.781333333333332547
13.240000000000000213
18.10933333333333195
18.551999999999999602
11.469333333333331382
13.018666666666668164
6.8213333333333325825
12.13333333333333286
7.7066666666666652219
9.9199999999999999289
23.200000000000002842
13.239999999999998437
20.986666666666664582
14.125333333333331964
11.469333333333333158
8.1493333333333328738
3.2799999999999993605
7.2639999999999993463
10.805333333333333456
9.9199999999999981526
15.674666666666665193
13.903999999999999915
17.223999999999996646
9.698666666666666103
20.322666666666663104
14.34666666666666579
26.077333333333328369
19.21600000000000108
4.3866666666666658259
12.13333333333333286
3.5013333333333322983
12.576000000000000512
8.1493333333333328738
9.2560000000000002274
11.469333333333333158
16.338666666666664895
18.994666666666667254
17.223999999999996646
19.437333333333331353
12.13333333333333286
13.461333333333332263
20.54399999999999693
18.330666666666665776
18.773333333333333428
19.879999999999995453
9.477333333333332277
17.666666666666664298
15.453333333333333144
17.666666666666667851
10.583999999999999631
1.9519999999999990692
8.8133333333333325754
16.560000000000002274
0.84533333333333371407
18.773333333333333428
15.453333333333333144
9.9199999999999981526
11.247999999999999332
19.658666666666665179
6.8213333333333316943
11.247999999999997556
9.6986666666666643266
11.02666666666666373
3.7226666666666661243
4.8293333333333317015
11.247999999999999332
17.445333333333330472
20.54399999999999693
12.354666666666664909
9.255999999999998451
7.0426666666666646321
16.117333333333334622
13.239999999999998437
9.4773333333333340533
7.9279999999999990479
-1.1466666666666673891
16.117333333333334622
3.7226666666666665684
3.5013333333333331865
3.5013333333333331865
6.5999999999999996447
8.5920000000000005258
15.010666666666667268
22.314666666666667538
9.477333333333332277
23.199999999999999289
22.535999999999997812
8.3706666666666666998
18.551999999999999602
4.3866666666666658259
13.018666666666668164
3.7226666666666679006
13.018666666666664611
14.567999999999999616
15.010666666666665492
-1.3679999999999998828
0.62399999999999955502
10.805333333333329904
8.8133333333333325754
22.314666666666663986
15.010666666666663716
7.4853333333333322841
16.781333333333332547
10.362666666666665805
3.7226666666666661243
7.2639999999999984581
15.674666666666663417
16.338666666666664895
12.575999999999996959
10.583999999999997854
21.871999999999999886
17.002666666666666373
8.3706666666666649235
6.1573333333333319928
6.8213333333333325825
5.4933333333333322912
8.5919999999999987494
7.4853333333333331723
18.330666666666665776
15.674666666666665193
15.674666666666663417
11.911999999999999034
10.805333333333333456
10.362666666666667581
9.0346666666666664014
19.658666666666665179
6.8213333333333334707
4.8293333333333334778
12.354666666666666686
9.255999999999998451
9.6986666666666643266
13.903999999999999915
1.7306666666666656873
18.994666666666667254
12.575999999999998735
16.338666666666668448
14.789333333333331666
8.3706666666666666998
11.469333333333333158
8.8133333333333325754
15.010666666666665492
11.690666666666665208
9.698666666666666103
8.8133333333333325754
8.8133333333333325754
12.576000000000000512
20.322666666666663104
11.911999999999999034
12.797333333333332561
8.1493333333333346502
15.895999999999999019
19.437333333333334906
22.535999999999997812
22.535999999999997812
8.5919999999999987494
18.773333333333333428
9.9199999999999981526
1.9519999999999986251
8.8133333333333325754
7.0426666666666664085
9.477333333333332277
14.34666666666666579
14.789333333333331666
11.469333333333331382
15.231999999999999318
13.903999999999996362
15.895999999999999019
24.527999999999998693
11.469333333333333158
10.141333333333333755
-4.0240000000000000213
3.5013333333333331865
16.338666666666664895
13.461333333333332263
15.231999999999999318
11.911999999999999034
5.2720000000000002416
21.429333333333332234
12.354666666666664909
18.551999999999999602
2.8373333333333334849
7.0426666666666664085
5.2719999999999993534
1.0666666666666664298
-3.3600000000000003197
1.9519999999999990692
6.1573333333333319928
-3.5813333333333332575
1.9519999999999992912
12.576000000000000512
5.9359999999999999432
6.8213333333333334707
1.9519999999999997353
-1.1466666666666665009
7.0426666666666655203
13.903999999999999915
13.682666666666666089
16.781333333333332547
20.101333333333332831
24.306666666666664867
20.54399999999999693
18.10933333333333195
24.085333333333331041
18.551999999999999602
11.911999999999999034
20.322666666666663104
16.781333333333332547
24.085333333333331041
10.141333333333331979
11.248000000000001108
7.9279999999999990479
12.354666666666664909
7.0426666666666655203
9.9199999999999981526
15.453333333333333144
20.765333333333330756
17.224000000000000199
24.970666666666666345
8.8133333333333343518
1.0666666666666664298
5.4933333333333322912
3.7226666666666656802
10.362666666666665805
19.437333333333331353
8.3706666666666649235
9.0346666666666664014
14.125333333333331964
9.0346666666666664014
11.469333333333331382
6.5999999999999996447
6.5999999999999987566
8.5920000000000005258
12.797333333333330785
21.871999999999999886
25.191999999999996618
18.551999999999999602
14.346666666666664014
16.117333333333331069
13.239999999999998437
8.5920000000000005258
9.0346666666666664014
7.4853333333333331723
7.7066666666666661101
11.469333333333333158
6.3786666666666667069
9.9200000000000017053
1.7306666666666665755
5.2719999999999993534
2.8373333333333334849
11.247999999999999332
2.8373333333333325967
15.895999999999999019
13.903999999999998138
18.773333333333329875
17.445333333333334025
7.7066666666666652219
26.077333333333331922
14.789333333333331666
13.018666666666666387
8.8133333333333307991
11.469333333333331382
3.2799999999999984723
19.437333333333334906
10.805333333333329904
11.911999999999997257
5.4933333333333340676
4.1653333333333328881
21.207999999999998408
13.682666666666666089
22.314666666666663986
20.765333333333330756
20.765333333333330756
18.773333333333333428
24.970666666666666345
7.7066666666666643337
13.682666666666666089
10.805333333333329904
6.8213333333333316943
6.1573333333333319928
17.002666666666666373
14.789333333333331666
21.65066666666666606
9.9199999999999999289
17.445333333333334025
4.3866666666666658259
9.6986666666666678793
13.018666666666664611
10.362666666666665805
12.354666666666666686
5.2719999999999993534
15.010666666666665492
6.8213333333333325825
23.421333333333333115
11.690666666666665208
8.1493333333333328738
14.346666666666664014
11.469333333333331382
13.903999999999996362
23.421333333333329563
20.765333333333330756
15.010666666666665492
6.6000000000000005329
5.9359999999999981668
13.903999999999999915
17.223999999999996646
24.970666666666666345
12.797333333333330785
18.10933333333333195
12.797333333333330785
14.346666666666664014
9.255999999999998451
13.018666666666666387
19.658666666666668732
14.346666666666667567
20.322666666666663104
11.911999999999999034
24.970666666666666345
19.658666666666668732
26.077333333333328369
23.199999999999995737
12.354666666666666686
21.429333333333332234
12.576000000000000512
15.453333333333331367
10.141333333333333755
4.8293333333333325896
11.911999999999999034
18.10933333333333195
19.215999999999997527
11.469333333333331382
15.010666666666665492
15.895999999999999019
6.3786666666666667069
11.690666666666665208
15.453333333333331367
10.362666666666664028
16.117333333333334622
9.2559999999999966747
20.986666666666664582
26.519999999999996021
29.397333333333332206
17.887999999999998124
26.077333333333331922
4.8293333333333325896
7.9279999999999972715
4.6079999999999978755
6.3786666666666640424
5.4933333333333322912
11.247999999999997556
12.13333333333333286
6.1573333333333319928
24.749333333333332519
11.690666666666665208
8.8133333333333325754
3.7226666666666665684
15.453333333333329591
18.330666666666665776
19.437333333333331353
19.879999999999999005
8.5919999999999969731
0.18133333333333112591
15.231999999999995765
15.895999999999997243
13.903999999999999915
2.394666666666665833
11.911999999999999034
17.445333333333334025
18.551999999999999602
10.362666666666665805
11.690666666666665208
8.5919999999999987494
5.2719999999999984652
11.247999999999997556
-1.589333333333334819
20.986666666666664582
11.247999999999997556
9.698666666666666103
0.40266666666666761643
6.1573333333333346573
19.437333333333331353
3.7226666666666652361
20.54399999999999693
18.551999999999996049
19.437333333333331353
18.994666666666667254
17.666666666666664298
8.1493333333333328738
4.1653333333333337762
10.141333333333331979
10.80533333333333168
18.10933333333333195
4.6079999999999996518
9.6986666666666678793
11.469333333333331382
15.010666666666667268
15.67466666666666697
5.0506666666666664156
13.903999999999999915
8.3706666666666649235
4.6079999999999987637
7.9279999999999990479
15.67466666666666697
18.551999999999999602
23.199999999999995737
21.207999999999998408
14.34666666666666579
24.527999999999998693
10.362666666666664028
8.1493333333333328738
9.2560000000000002274
15.67466666666666697
11.026666666666665506
7.9280000000000008242
-1.8106666666666679788
-5.7946666666666679646
7.9279999999999990479
2.3946666666666667211
11.911999999999999034
9.255999999999998451
25.413333333333333997
25.63466666666666427
14.56799999999999784
17.223999999999996646
7.2639999999999975699
1.2879999999999993676
5.0506666666666637511
3.2799999999999980282
14.125333333333330188
3.5013333333333327424
7.2639999999999975699
2.1733333333333328952
10.80533333333333168
8.5919999999999987494
7.9279999999999972715
-4.0240000000000000213
14.789333333333331666
9.9199999999999981526
17.445333333333334025
6.1573333333333319928
10.362666666666665805
7.0426666666666655203
18.773333333333333428
13.682666666666666089
7.9279999999999990479
1.5093333333333331936
5.0506666666666646393
5.714666666666665229
8.3706666666666649235
17.666666666666664298
11.690666666666665208
5.935999999999999055
1.2880000000000000338
1.5093333333333323054
-0.70400000000000151346
6.5999999999999987566
12.576000000000000512
16.117333333333334622
12.13333333333333286
24.306666666666664867
24.970666666666662792
22.093333333333333712
15.231999999999997542
18.330666666666665776
14.56799999999999784
7.0426666666666646321
12.13333333333333286
7.2639999999999993463
17.002666666666666373
9.6986666666666643266
17.666666666666664298
8.3706666666666649235
11.690666666666665208
8.3706666666666649235
6.5999999999999996447
13.461333333333332263
14.125333333333331964
9.477333333333332277
11.911999999999999034
6.821333333333329918
22.314666666666660433
14.56799999999999784
18.551999999999996049
10.583999999999997854
16.559999999999998721
13.239999999999998437
9.9199999999999999289
14.789333333333331666
2.8373333333333330408
0.84533333333333349202
16.338666666666664895
16.117333333333331069
17.887999999999998124
19.437333333333331353
24.970666666666666345
15.453333333333329591
20.765333333333330756
7.9279999999999990479
25.855999999999994543
9.255999999999998451
9.9199999999999981526
5.2719999999999993534
12.354666666666666686
10.583999999999999631
18.551999999999999602
1.2879999999999998117
5.7146666666666643408
2.1733333333333337833
20.322666666666663104
9.034666666666664625
20.54399999999999693
7.2639999999999993463
13.018666666666664611
8.1493333333333310975
15.231999999999999318
6.5999999999999996447
5.935999999999999055
13.018666666666666387
7.4853333333333322841
10.583999999999999631
15.895999999999997243
18.773333333333333428
7.9279999999999990479
4.1653333333333337762
5.9359999999999981668
1.5093333333333327495
5.2719999999999984652
5.4933333333333340676
-2.9173333333333353323
12.13333333333333286
17.887999999999998124
10.583999999999999631
24.970666666666666345
10.141333333333331979
7.9279999999999990479
19.658666666666668732
2.8373333333333330408
9.9199999999999981526
5.2719999999999993534
7.4853333333333322841
6.3786666666666658188
12.797333333333332561
16.117333333333331069
18.330666666666665776
28.290666666666666629
11.469333333333333158
11.026666666666667282
4.1653333333333328881
11.469333333333331382
11.026666666666665506
12.797333333333332561
7.0426666666666655203
3.7226666666666643479
7.2639999999999975699
13.461333333333330486
10.583999999999997854
10.141333333333331979
16.338666666666664895
18.330666666666665776
9.698666666666666103
16.781333333333332547
20.322666666666663104
10.583999999999997854
14.567999999999996064
5.714666666666665229
16.559999999999995168
10.805333333333333456
24.527999999999998693
11.690666666666666984
11.690666666666665208
7.7066666666666669983
8.5919999999999987494
-0.040000000000000757172
17.666666666666667851
9.4773333333333340533
15.010666666666665492
14.125333333333333741
24.970666666666666345
14.346666666666667567
12.133333333333331083
17.224000000000000199
13.682666666666666089
3.0586666666666659786
8.5920000000000005258
18.773333333333333428
4.8293333333333317015
5.2720000000000011298
1.7306666666666661314
7.0426666666666646321
14.346666666666664014
5.0506666666666655274
6.5999999999999987566
6.5999999999999996447
3.7226666666666652361
2.3946666666666653889
10.362666666666665805
2.173333333333332007
11.911999999999999034
9.9199999999999999289
13.240000000000000213
16.559999999999998721
15.674666666666665193
8.8133333333333325754
0.84533333333333304793
12.354666666666664909
14.789333333333331666
19.437333333333334906
11.690666666666665208
19.437333333333331353
16.781333333333332547
12.354666666666664909
20.322666666666663104
9.9199999999999981526
22.535999999999997812
15.231999999999999318
8.1493333333333310975
10.141333333333331979
9.4773333333333305006
11.026666666666667282
16.338666666666664895
11.469333333333331382
9.9199999999999981526
20.986666666666664582
14.789333333333331666
12.13333333333333286
16.117333333333331069
13.682666666666667865
15.895999999999997243
5.935999999999999055
6.8213333333333325825
8.5919999999999987494
2.6159999999999996589
10.805333333333333456
15.896000000000000796
16.7813333333333361
16.117333333333331069
15.231999999999999318
3.2799999999999998046
11.026666666666665506
15.231999999999999318
20.986666666666668135
20.54399999999999693
13.239999999999998437
24.749333333333332519
18.773333333333333428
20.322666666666666657
15.895999999999997243
16.117333333333331069
7.2639999999999984581
13.682666666666662536
13.239999999999998437
7.4853333333333313959
11.911999999999999034
13.018666666666666387
-1.5893333333333337087
8.3706666666666649235
8.1493333333333310975
13.239999999999998437
11.911999999999999034
10.583999999999999631
4.6079999999999987637
7.9279999999999999361
6.5999999999999996447
17.002666666666666373
8.8133333333333325754
8.5919999999999987494
14.789333333333331666
10.583999999999999631
11.026666666666665506
18.551999999999999602
18.330666666666665776
12.354666666666666686
20.986666666666664582
11.247999999999999332
14.789333333333331666
18.773333333333333428
16.338666666666664895
16.559999999999998721
11.469333333333329605
14.78933333333332989
14.789333333333331666
4.1653333333333319999
9.6986666666666643266
18.994666666666667254
20.322666666666663104
11.911999999999999034
11.026666666666665506
12.797333333333334338
20.101333333333332831
15.010666666666665492
2.8373333333333317086
15.231999999999999318
8.1493333333333310975
24.970666666666662792
13.903999999999999915
8.8133333333333325754
2.1733333333333328952
14.346666666666664014
11.026666666666665506
16.338666666666664895
13.903999999999998138
20.986666666666668135
7.2639999999999993463
9.0346666666666664014
19.437333333333331353
1.9519999999999995133
12.133333333333331083
1.0666666666666664298
8.5919999999999987494
17.002666666666666373
13.239999999999998437
7.7066666666666669983
14.567999999999999616
7.7066666666666643337
17.002666666666666373
25.634666666666667822
8.8133333333333325754
16.781333333333332547
2.8373333333333325967
6.5999999999999996447
16.338666666666668448
11.026666666666665506
20.322666666666666657
5.0506666666666664156
11.247999999999997556
16.781333333333328994
19.215999999999997527
7.7066666666666652219
14.789333333333331666
14.789333333333331666
26.077333333333328369
10.141333333333331979
14.125333333333330188
7.7066666666666669983
20.765333333333330756
9.4773333333333305006
19.437333333333331353
10.362666666666664028
12.13333333333333286
21.65066666666666606
20.101333333333332831
10.141333333333333755
16.781333333333332547
9.698666666666666103
7.4853333333333322841
2.6160000000000005471
10.362666666666664028
4.3866666666666649377
12.575999999999998735
15.231999999999997542
3.5013333333333327424
18.773333333333329875
-0.040000000000000923706
16.781333333333332547
11.247999999999999332
4.1653333333333328881
16.338666666666668448
8.5919999999999987494
15.895999999999999019
3.2799999999999984723
18.773333333333333428
7.9279999999999999361
5.9359999999999999432
14.568000000000001393
15.010666666666665492
5.0506666666666664156
7.9279999999999981597
14.125333333333330188
15.010666666666665492
21.429333333333332234
6.6000000000000005329
19.658666666666665179
16.117333333333331069
24.527999999999998693
13.903999999999999915
12.575999999999998735
-2.4746666666666676804
5.2719999999999984652
9.0346666666666628487
8.1493333333333328738
9.2560000000000002274
-0.48266666666666702135
5.4933333333333331794
2.8373333333333317086
5.4933333333333322912
15.674666666666665193
6.3786666666666658188
0.18133333333333201409
10.805333333333333456
13.461333333333332263
12.797333333333332561
16.781333333333332547
15.010666666666665492
16.117333333333334622
11.690666666666666984
18.551999999999999602
18.551999999999996049
22.535999999999997812
20.101333333333329279
11.911999999999999034
22.09333333333333016
19.658666666666665179
18.773333333333329875
11.690666666666666984
3.2799999999999989164
18.773333333333333428
4.6079999999999996518
10.362666666666665805
-3.3600000000000007638
13.018666666666668164
8.8133333333333325754
13.461333333333332263
14.346666666666667567
5.493333333333331403
25.413333333333330444
11.690666666666665208
15.010666666666665492
11.690666666666665208
6.6000000000000005329
20.765333333333330756
7.9279999999999999361
12.575999999999996959
7.0426666666666655203
18.994666666666663701
6.8213333333333325825
14.789333333333331666
9.6986666666666643266
14.789333333333331666
8.3706666666666666998
7.9279999999999972715
5.0506666666666664156
-0.48266666666666635521
-0.26133333333333391701
9.2560000000000002274
-1.3680000000000003268
14.346666666666667567
5.4933333333333340676
3.943999999999998618
10.80533333333333168
6.1573333333333319928
26.077333333333328369
12.13333333333333286
13.461333333333335815
7.0426666666666655203
9.477333333333332277
17.887999999999998124
19.879999999999995453
25.413333333333330444
13.239999999999998437
5.714666666666665229
3.5013333333333314101
9.034666666666664625
0.18133333333333290227
13.461333333333332263
17.224000000000000199
13.903999999999998138
21.65066666666666606
16.560000000000002274
21.65066666666666606
24.527999999999998693
12.797333333333332561
22.75733333333333519
16.559999999999995168
15.895999999999999019
19.21600000000000108
15.231999999999999318
17.887999999999998124
7.0426666666666655203
14.56799999999999784
11.247999999999999332
13.682666666666662536
15.232000000000001094
17.887999999999998124
21.429333333333332234
2.3946666666666662771
10.362666666666665805
7.4853333333333322841
9.477333333333332277
17.666666666666664298
13.239999999999998437
20.765333333333330756
17.666666666666664298
8.1493333333333310975
10.362666666666665805
6.8213333333333325825
13.461333333333332263
4.386666666666666714
1.5093333333333329715
10.80533333333333168
3.2799999999999984723
19.215999999999997527
17.00266666666666282
9.0346666666666664014
14.789333333333331666
11.690666666666665208
22.314666666666663986
6.3786666666666658188
7.9279999999999990479
18.330666666666665776
14.789333333333331666
17.445333333333330472
18.10933333333333195
12.797333333333334338
15.232000000000001094
5.0506666666666673038
16.560000000000002274
18.10933333333333195
9.0346666666666628487
-0.040000000000000035527
1.7306666666666665755
11.469333333333331382
5.935999999999999055
7.9279999999999981597
4.1653333333333328881
11.911999999999999034
8.5919999999999987494
24.085333333333331041
16.559999999999998721
13.682666666666666089
19.21600000000000108
5.4933333333333340676
17.223999999999996646
6.5999999999999978684
19.21600000000000108
23.863999999999997215
23.421333333333329563
11.02666666666666373
25.855999999999998096
21.207999999999998408
17.887999999999998124
15.895999999999999019
9.698666666666666103
16.559999999999998721
8.3706666666666666998
17.445333333333330472
19.879999999999999005
6.5999999999999996447
9.2560000000000002274
6.5999999999999987566
-1.3679999999999998828
4.1653333333333319999
12.354666666666666686
7.2639999999999993463
9.477333333333332277
11.469333333333331382
6.3786666666666640424
12.13333333333333286
17.445333333333330472
2.1733333333333328952
6.8213333333333334707
-4.0239999999999991331
3.2799999999999989164
5.0506666666666664156
6.8213333333333325825
0.40266666666666672825
7.4853333333333331723
9.9199999999999999289
15.453333333333333144
14.125333333333331964
7.9279999999999990479
16.781333333333332547
9.255999999999998451
28.511999999999996902
14.789333333333331666
22.535999999999997812
11.911999999999999034
15.231999999999999318
12.797333333333332561
16.338666666666664895
11.690666666666665208
13.461333333333332263
17.00266666666666282
10.583999999999999631
3.0586666666666668668
1.0666666666666655416
-4.0240000000000009095
10.362666666666665805
18.10933333333333195
10.583999999999999631
18.773333333333333428
16.559999999999998721
12.354666666666666686
17.445333333333330472
13.018666666666664611
10.80533333333333168
10.80533333333333168
17.445333333333330472
20.544000000000000483
12.13333333333333286
7.2640000000000002345
6.3786666666666658188
12.13333333333333286
18.773333333333329875
19.437333333333331353
7.4853333333333322841
14.346666666666664014
7.4853333333333322841
12.354666666666666686
14.34666666666666579
3.7226666666666665684
11.469333333333331382
2.837333333333333929
13.903999999999998138
15.231999999999999318
21.871999999999996334
14.789333333333331666
19.437333333333331353
1.7306666666666656873
4.8293333333333317015
10.80533333333333168
15.453333333333329591
16.117333333333334622
7.7066666666666669983
25.855999999999998096
15.231999999999999318
23.642666666666663389
20.101333333333332831
7.2639999999999993463
14.789333333333335219
15.231999999999999318
11.247999999999999332
16.781333333333332547
5.271999999999997577
10.141333333333330202
8.5919999999999987494
21.429333333333332234
11.248000000000001108
6.5999999999999978684
3.5013333333333327424
15.674666666666665193
19.21600000000000108
7.4853333333333331723
15.231999999999999318
-1.5893333333333337087
6.3786666666666658188
2.1733333333333311188
18.551999999999999602
15.67466666666666697
12.575999999999998735
11.690666666666665208
10.80533333333333168
7.9279999999999981597
10.141333333333331979
6.3786666666666658188
7.9279999999999990479
12.797333333333330785
3.7226666666666652361
8.5919999999999987494
2.394666666666665833
11.690666666666665208
7.7066666666666661101
5.935999999999999055
-1.1466666666666673891
3.5013333333333322983
7.9279999999999999361
9.0346666666666664014
-0.26133333333333474968
10.141333333333333755
14.125333333333331964
7.7066666666666652219
5.271999999999997577
13.903999999999998138
-4.2453333333333338473
10.141333333333331979
13.240000000000000213
14.125333333333330188
10.583999999999999631
13.682666666666666089
10.805333333333333456
13.239999999999998437
18.10933333333333195
0.18133333333333334636
9.477333333333332277
10.362666666666665805
18.10933333333333195
14.346666666666664014
14.56799999999999784
16.559999999999998721
19.437333333333331353
23.642666666666666941
11.247999999999999332
8.1493333333333310975
6.1573333333333337691
12.354666666666666686
10.141333333333331979
6.1573333333333319928
5.2719999999999984652
4.8293333333333325896
2.3946666666666649448
3.2799999999999993605
11.247999999999999332
9.255999999999998451
22.536000000000001364
11.026666666666665506
6.3786666666666667069
15.010666666666665492
2.8373333333333334849
10.141333333333331979
9.4773333333333305006
13.239999999999998437
10.805333333333333456
1.7306666666666650212
12.354666666666666686
0.18133333333333268023
17.223999999999996646
18.330666666666665776
15.674666666666665193
8.8133333333333325754
5.7146666666666661172
3.9439999999999990621
-0.70400000000000118039
9.477333333333332277
5.9359999999999981668
11.026666666666667282
10.362666666666665805
21.650666666666662508
11.02666666666666373
20.101333333333332831
19.21600000000000108
8.8133333333333325754
21.207999999999998408
4.8293333333333334778
22.093333333333333712
5.4933333333333322912
13.461333333333332263
8.8133333333333307991
7.0426666666666646321
7.4853333333333331723
14.125333333333331964
9.9199999999999981526
4.6079999999999987637
15.674666666666663417
11.247999999999999332
15.231999999999999318
7.4853333333333331723
-6.0160000000000000142
7.2639999999999993463
4.1653333333333319999
18.10933333333333195
13.903999999999998138
19.437333333333334906
9.034666666666664625
19.437333333333331353
6.8213333333333325825
19.879999999999999005
14.34666666666666579
22.75733333333333519
17.223999999999996646
18.551999999999999602
16.117333333333331069
9.6986666666666643266
10.141333333333330202
4.1653333333333319999
7.9279999999999972715
3.5013333333333327424
5.2720000000000002416
3.5013333333333322983
6.8213333333333316943
4.1653333333333328881
21.207999999999998408
13.239999999999998437
13.903999999999999915
-0.040000000000000035527
3.0586666666666655345
2.1733333333333324511
3.9439999999999981739
9.2560000000000002274
11.911999999999999034
11.247999999999999332
12.797333333333334338
12.13333333333333286
12.13333333333333286
17.666666666666664298
7.0426666666666664085
17.887999999999998124
4.8293333333333325896
13.903999999999999915
26.298666666666662195
10.80533333333333168
19.215999999999997527
1.5093333333333331936
6.5999999999999987566
15.453333333333333144
16.781333333333332547
30.503999999999997783
18.330666666666665776
19.658666666666665179
22.093333333333333712
22.978666666666665463
17.887999999999998124
22.757333333333331638
10.583999999999997854
8.8133333333333325754
16.338666666666664895
6.3786666666666658188
3.9440000000000008384
12.354666666666666686
18.994666666666667254
14.125333333333331964
11.690666666666665208
6.1573333333333311046
15.895999999999999019
7.0426666666666655203
17.002666666666666373
14.346666666666664014
2.8373333333333330408
4.3866666666666658259
6.5999999999999987566
5.714666666666665229
3.7226666666666661243
13.461333333333334039
11.247999999999999332
-0.70400000000000151346
10.362666666666665805
7.9279999999999990479
13.018666666666666387
5.0506666666666664156
14.125333333333331964
3.0586666666666664227
5.935999999999999055
13.239999999999998437
9.034666666666664625
15.453333333333333144
25.192000000000000171
23.642666666666663389
14.789333333333331666
20.322666666666663104
16.338666666666664895
22.535999999999997812
11.026666666666665506
10.80533333333333168
9.034666666666664625
8.3706666666666666998
10.583999999999997854
15.674666666666665193
16.559999999999998721
7.9280000000000008242
19.437333333333334906
1.9519999999999986251
5.9359999999999981668
8.3706666666666649235
10.583999999999999631
17.445333333333330472
25.192000000000000171
10.80533333333333168
14.34666666666666579
4.3866666666666649377
10.362666666666664028
4.6079999999999987637
18.994666666666663701
12.576000000000000512
6.3786666666666667069
11.469333333333331382
8.8133333333333325754
7.2639999999999993463
9.2559999999999966747
10.362666666666665805
16.117333333333331069
17.223999999999996646
11.911999999999999034
4.8293333333333325896
1.7306666666666656873
5.0506666666666655274
14.789333333333331666
6.157333333333332881
23.199999999999999289
12.13333333333333286
18.330666666666665776
22.978666666666669016
21.871999999999999886
16.781333333333332547
13.018666666666664611
7.0426666666666664085
3.2799999999999980282
9.4773333333333305006
3.9439999999999995062
1.5093333333333323054
11.690666666666665208
15.231999999999997542
15.895999999999999019
14.789333333333335219
10.583999999999999631
17.002666666666666373
11.469333333333331382
6.8213333333333334707
4.6079999999999996518
22.978666666666665463
10.583999999999999631
17.445333333333334025
8.3706666666666649235
10.362666666666665805
22.978666666666665463
9.6986666666666643266
22.978666666666665463
9.0346666666666664014
10.805333333333333456
8.3706666666666666998
15.010666666666665492
6.8213333333333334707
10.583999999999997854
9.477333333333332277
5.0506666666666664156
21.65066666666666606
17.445333333333330472
20.322666666666666657
19.21600000000000108
12.797333333333332561
14.789333333333331666
17.666666666666664298
22.093333333333333712
18.773333333333333428
15.896000000000000796
15.45333333333333492
17.002666666666666373
11.026666666666667282
18.551999999999999602
4.8293333333333325896
11.248000000000001108
-0.039999999999999591438
10.362666666666665805
3.9439999999999990621
9.4773333333333305006
8.1493333333333328738
17.666666666666664298
20.765333333333330756
22.75733333333333519
17.224000000000000199
18.773333333333333428
7.7066666666666661101
15.67466666666666697
15.231999999999997542
10.141333333333331979
25.63466666666666427
13.461333333333332263
6.3786666666666649306
11.690666666666665208
12.354666666666666686
16.338666666666664895
6.3786666666666667069
8.5919999999999987494
13.239999999999998437
16.338666666666668448
21.65066666666666606
13.682666666666666089
13.682666666666666089
16.559999999999998721
17.887999999999998124
7.9279999999999972715
8.1493333333333328738
8.8133333333333325754
8.3706666666666666998
13.682666666666666089
8.5919999999999987494
11.026666666666665506
16.117333333333331069
9.4773333333333305006
8.1493333333333328738
7.4853333333333313959
12.354666666666664909
13.682666666666664312
24.085333333333331041
15.453333333333333144
20.544000000000000483
18.330666666666665776
26.741333333333329847
8.5920000000000005258
11.469333333333331382
6.5999999999999978684
20.101333333333329279
9.0346666666666664014
18.10933333333333195
24.527999999999998693
18.330666666666665776
11.690666666666666984
4.8293333333333325896
5.0506666666666673038
13.461333333333332263
6.8213333333333325825
13.018666666666664611
10.583999999999996078
11.690666666666666984
8.1493333333333310975
17.666666666666664298
4.3866666666666658259
16.117333333333334622
11.911999999999999034
1.7306666666666661314
18.551999999999999602
6.3786666666666658188
13.240000000000000213
4.60800000000000054
6.3786666666666658188
5.0506666666666655274
19.879999999999999005
9.477333333333332277
15.232000000000001094
21.207999999999998408
19.658666666666665179
13.018666666666664611
10.141333333333331979
21.871999999999996334
18.10933333333333195
4.6079999999999996518
-2.6960000000000006182
3.943999999999998618
7.2639999999999993463
12.797333333333330785
9.255999999999998451
8.3706666666666649235
17.445333333333330472
16.117333333333334622
13.904000000000001691
13.682666666666666089
7.0426666666666672967
16.781333333333332547
20.101333333333332831
20.322666666666663104
18.10933333333333195
11.690666666666665208
13.682666666666664312
18.773333333333333428
12.797333333333330785
14.34666666666666579
18.773333333333329875
13.903999999999998138
13.903999999999998138
12.354666666666666686
9.9199999999999999289
15.895999999999997243
15.674666666666665193
15.895999999999997243
14.346666666666664014
0.40266666666666495189
6.5999999999999969802
9.0346666666666664014
11.247999999999999332
-5.1306666666666655985
9.255999999999998451
6.8213333333333325825
14.346666666666664014
16.338666666666664895
24.306666666666664867
7.2639999999999984581
9.0346666666666664014
9.9199999999999981526
3.2799999999999984723
1.2879999999999975913
16.559999999999998721
9.9199999999999999289
11.469333333333331382
12.797333333333334338
10.583999999999999631
17.224000000000000199
13.461333333333332263
10.141333333333331979
18.330666666666665776
15.67466666666666697
24.306666666666668419
13.461333333333332263
7.9279999999999990479
5.4933333333333331794
3.7226666666666652361
14.346666666666664014
5.0506666666666664156
11.247999999999999332
4.8293333333333317015
5.714666666666665229
11.469333333333331382
5.2719999999999993534
17.666666666666664298
6.5999999999999996447
14.346666666666664014
5.935999999999999055
9.9199999999999999289
8.8133333333333325754
15.231999999999999318
9.0346666666666664014
11.469333333333334934
22.535999999999997812
5.0506666666666655274
12.354666666666668462
16.338666666666664895
7.9280000000000008242
12.575999999999996959
19.658666666666668732
10.583999999999999631
0.84533333333333260384
12.13333333333333286
5.7146666666666661172
-1.8106666666666666465
5.493333333333331403
7.7066666666666669983
7.0426666666666664085
11.911999999999997257
19.879999999999999005
22.536000000000001364
17.666666666666664298
25.634666666666667822
11.690666666666665208
18.773333333333333428
0.40266666666666572905
4.6079999999999978755
-0.040000000000000035527
7.7066666666666661101
3.2799999999999989164
19.437333333333331353
12.13333333333333286
10.362666666666665805
7.2639999999999993463
14.567999999999999616
10.141333333333333755
22.536000000000001364
12.133333333333331083
17.887999999999998124
9.0346666666666664014
9.4773333333333340533
2.1733333333333337833
-4.9093333333333326607
5.2720000000000002416
7.0426666666666664085
7.4853333333333322841
20.101333333333332831
9.034666666666664625
7.9279999999999999361
4.386666666666666714
6.8213333333333334707
2.8373333333333343731
12.354666666666666686
16.781333333333332547
14.56799999999999784
12.797333333333334338
13.239999999999998437
11.247999999999997556
18.10933333333333195
8.1493333333333310975
18.330666666666665776
12.354666666666666686
13.018666666666666387
22.093333333333333712
16.338666666666664895
1.7306666666666661314
10.141333333333331979
7.4853333333333331723
13.239999999999998437
21.65066666666666606
9.6986666666666643266
13.461333333333330486
14.789333333333331666
7.2639999999999993463
11.247999999999997556
4.8293333333333325896
18.551999999999999602
6.3786666666666649306
17.445333333333330472
7.7066666666666669983
20.544000000000000483
18.773333333333333428
8.5920000000000005258
17.445333333333334025
13.903999999999999915
9.6986666666666678793
24.085333333333331041
25.855999999999994543
11.690666666666665208
7.9279999999999981597
8.8133333333333325754
13.018666666666664611
22.535999999999994259
18.10933333333333195
18.10933333333333195
17.887999999999998124
14.56799999999999784
11.026666666666665506
13.903999999999999915
10.583999999999999631
3.5013333333333331865
11.690666666666666984
7.9279999999999999361
12.354666666666664909
4.6079999999999987637
12.575999999999998735
9.6986666666666678793
17.002666666666666373
5.9359999999999999432
6.3786666666666675951
17.002666666666666373
4.8293333333333325896
22.093333333333333712
15.231999999999999318
24.749333333333332519
23.642666666666663389
20.101333333333329279
21.207999999999998408
10.362666666666664028
15.231999999999999318
4.6079999999999987637
14.56799999999999784
17.223999999999996646
10.583999999999999631
14.346666666666664014
26.7413333333333334
13.018666666666664611
8.5920000000000005258
10.141333333333330202
7.4853333333333322841
20.544000000000000483
9.2560000000000002274
12.13333333333333286
8.5919999999999987494
17.445333333333330472
-7.7866666666666661811
6.5999999999999978684
15.674666666666665193
22.757333333333328085
22.75733333333333519
14.125333333333331964
12.133333333333331083
20.101333333333332831
14.56799999999999784
18.330666666666665776
11.026666666666665506
14.125333333333331964
13.239999999999998437
13.682666666666666089
12.797333333333330785
19.658666666666668732
23.421333333333333115
19.437333333333331353
7.9279999999999990479
11.690666666666665208
7.0426666666666655203
15.010666666666665492
3.7226666666666665684
5.9360000000000008313
2.3946666666666662771
11.690666666666665208
7.9279999999999990479
13.461333333333332263
5.0506666666666664156
8.8133333333333325754
5.935999999999999055
5.0506666666666646393
5.7146666666666661172
-3.5813333333333337016
1.9519999999999999574
9.9199999999999981526
8.3706666666666649235
5.0506666666666655274
-1.1466666666666678331
1.5093333333333320834
7.9279999999999972715
3.0586666666666655345
12.354666666666663133
4.1653333333333328881
3.7226666666666661243
4.6079999999999987637
-4.4666666666666667851
11.690666666666665208
18.330666666666665776
25.192000000000000171
19.879999999999999005
14.34666666666666579
2.3946666666666667211
10.583999999999999631
5.714666666666665229
17.224000000000000199
5.7146666666666661172
4.3866666666666658259
1.0666666666666646535
7.2639999999999993463
17.445333333333334025
5.2719999999999993534
18.773333333333333428
-4.9093333333333335489
6.5999999999999978684
5.7146666666666661172
5.0506666666666646393
10.141333333333330202
12.354666666666663133
16.781333333333332547
10.583999999999999631
14.568000000000001393
9.698666666666666103
9.0346666666666664014
-0.70399999999999995914
6.1573333333333337691
2.8373333333333330408
15.453333333333331367
10.583999999999999631
9.2560000000000002274
11.911999999999999034
16.338666666666668448
8.3706666666666666998
13.239999999999998437
18.994666666666663701
11.690666666666665208
11.469333333333331382
20.765333333333330756
11.247999999999999332
13.682666666666666089
24.527999999999998693
8.1493333333333310975
14.789333333333331666
8.1493333333333310975
6.3786666666666658188
9.477333333333332277
7.7066666666666652219
10.805333333333333456
21.650666666666662508
22.314666666666667538
20.101333333333332831
18.994666666666663701
14.125333333333333741
15.010666666666665492
23.421333333333333115
11.247999999999997556
22.535999999999997812
18.773333333333333428
9.477333333333332277
16.7813333333333361
13.903999999999999915
13.903999999999999915
24.527999999999998693
5.935999999999999055
5.2720000000000002416
7.2639999999999993463
10.80533333333333168
21.65066666666666606
9.2560000000000002274
11.026666666666667282
13.239999999999998437
13.903999999999998138
7.4853333333333313959
5.0506666666666664156
1.9519999999999992912
0.18133333333333290227
2.8373333333333334849
9.2560000000000002274
1.9520000000000004015
9.2560000000000002274
8.5919999999999987494
8.8133333333333325754
5.7146666666666670054
15.674666666666665193
10.80533333333333168
11.469333333333331382
10.362666666666665805
15.453333333333331367
2.1733333333333324511
18.994666666666667254
9.2560000000000002274
8.5919999999999987494
17.00266666666666282
4.60800000000000054
2.616000000000000103
-0.040000000000000479616
12.797333333333330785
10.362666666666665805
8.5919999999999987494
16.117333333333331069
11.690666666666665208
14.346666666666664014
13.903999999999998138
9.255999999999998451
4.6079999999999987637
4.1653333333333328881
11.469333333333331382
18.10933333333333195
12.575999999999998735
21.650666666666662508
14.56799999999999784
8.3706666666666649235
10.362666666666665805
17.666666666666664298
19.879999999999999005
18.773333333333333428
8.3706666666666649235
16.338666666666664895
13.682666666666666089
16.781333333333328994
12.354666666666664909
5.714666666666665229
27.184000000000001052
9.2560000000000002274
16.781333333333332547
11.911999999999999034
13.461333333333332263
10.583999999999999631
15.010666666666665492
21.65066666666666606
14.125333333333333741
8.5919999999999969731
11.248000000000001108
2.3946666666666671652
10.362666666666667581
17.445333333333334025
17.666666666666664298
14.789333333333331666
12.576000000000000512
9.477333333333332277
7.0426666666666664085
10.141333333333331979
8.8133333333333325754
11.469333333333331382
8.5919999999999987494
9.698666666666666103
11.469333333333333158
20.101333333333332831
15.010666666666665492
0.84533333333333260384
-3.3599999999999994316
1.7306666666666661314
5.9359999999999999432
22.757333333333331638
21.871999999999999886
18.994666666666667254
14.34666666666666579
13.903999999999998138
10.362666666666665805
14.34666666666666579
14.125333333333333741
14.789333333333331666
5.493333333333331403
17.445333333333334025
23.421333333333333115
24.306666666666664867
15.674666666666665193
17.445333333333330472
5.0506666666666664156
3.7226666666666656802
13.018666666666668164
15.453333333333333144
15.453333333333333144
8.5919999999999987494
16.117333333333334622
14.125333333333333741
3.7226666666666661243
14.34666666666666579
8.5919999999999987494
16.559999999999998721
1.0666666666666659857
11.026666666666665506
13.018666666666664611
20.54399999999999693
7.9279999999999972715
6.3786666666666640424
11.469333333333331382
12.354666666666663133
9.2560000000000002274
5.2720000000000002416
10.805333333333333456
13.239999999999998437
13.461333333333332263
10.80533333333333168
-2.9173333333333326678
7.2640000000000002345
5.0506666666666646393
3.5013333333333327424
11.911999999999999034
4.3866666666666658259
8.8133333333333325754
14.346666666666664014
8.8133333333333325754
3.5013333333333322983
5.4933333333333331794
3.943999999999998618
15.67466666666666697
7.4853333333333331723
1.0666666666666657637
15.895999999999997243
15.010666666666665492
22.536000000000001364
11.911999999999999034
13.239999999999998437
-2.6960000000000001741
8.1493333333333310975
3.0586666666666659786
0.62399999999999988809
15.231999999999997542
11.247999999999997556
17.666666666666664298
11.247999999999999332
3.9440000000000003944
5.4933333333333340676
6.8213333333333316943
5.2719999999999984652
10.362666666666665805
9.698666666666666103
10.805333333333333456
11.026666666666667282
8.8133333333333325754
5.9359999999999981668
14.34666666666666579
8.8133333333333325754
5.9359999999999981668
13.461333333333332263
10.362666666666665805
26.741333333333329847
13.018666666666664611
11.469333333333334934
-3.5813333333333337016
6.1573333333333337691
4.386666666666666714
12.13333333333333286
3.2799999999999993605
5.2719999999999984652
14.34666666666666579
11.469333333333331382
14.789333333333331666
18.773333333333333428
2.1733333333333337833
8.5919999999999987494
10.583999999999999631
16.338666666666664895
10.141333333333333755
7.4853333333333322841
-3.1386666666666673819
15.010666666666665492
16.117333333333334622
7.4853333333333331723
17.223999999999996646
10.362666666666665805
7.7066666666666652219
8.8133333333333325754
19.658666666666665179
22.978666666666665463
16.117333333333331069
22.978666666666665463
8.8133333333333325754
14.789333333333331666
19.879999999999999005
9.9199999999999999289
13.461333333333332263
24.306666666666664867
9.4773333333333340533
11.247999999999999332
9.477333333333332277
10.583999999999999631
-0.7039999999999997371
13.682666666666664312
13.018666666666664611
7.4853333333333322841
5.493333333333331403
3.7226666666666652361
2.8373333333333325967
-2.2533333333333334103
8.1493333333333310975
2.3946666666666667211
15.453333333333329591
10.80533333333333168
16.781333333333328994
11.469333333333333158
18.551999999999999602
11.026666666666665506
9.0346666666666664014
0.18133333333333190307
11.690666666666665208
12.133333333333331083
1.5093333333333329715
11.247999999999999332
12.797333333333334338
13.239999999999998437
15.896000000000000796
8.1493333333333328738
6.5999999999999978684
15.453333333333331367
4.3866666666666649377
17.223999999999996646
19.880000000000002558
23.642666666666663389
11.690666666666663431
9.477333333333332277
10.362666666666665805
4.6079999999999987637
20.54399999999999693
0.84533333333333171566
6.1573333333333319928
12.575999999999998735
11.247999999999997556
0.40266666666666539598
20.986666666666664582
9.255999999999998451
13.240000000000000213
10.805333333333333456
13.903999999999999915
24.085333333333331041
23.199999999999995737
18.994666666666663701
11.911999999999999034
18.994666666666663701
6.3786666666666667069
20.986666666666664582
15.010666666666667268
19.215999999999997527
14.346666666666664014
18.551999999999999602
15.896000000000000796
3.7226666666666670125
25.192000000000000171
10.80533333333333168
4.8293333333333325896
13.682666666666666089
16.559999999999998721
25.63466666666666427
24.527999999999998693
18.551999999999996049
17.002666666666666373
10.583999999999999631
1.7306666666666670196
5.9359999999999981668
13.239999999999998437
17.002666666666666373
11.911999999999999034
6.5999999999999996447
10.805333333333333456
5.2720000000000002416
3.0586666666666650904
10.583999999999997854
3.0586666666666646464
15.895999999999997243
11.690666666666665208
24.527999999999998693
11.911999999999999034
7.2639999999999984581
-5.1306666666666673748

