5.3120000000000002771
-8.8533333333333317228
8.1893333333333337976
8.6319999999999996732
5.9759999999999999787
8.8533333333333317228
-4.6479999999999996874
1.770666666666666611
7.082666666666666444
4.8693333333333326252
1.5493333333333332291
10.402666666666666728
7.7466666666666670338
4.2053333333333329236
10.845333333333332604
-1.770666666666666611
7.5253333333333332078
5.0906666666666664511
0.8853333333333333055
6.8613333333333335062
3.9839999999999995417
5.7546666666666661527
3.0986666666666664582
7.7466666666666670338
0.8853333333333333055
4.6479999999999996874
8.4106666666666658472
-5.5333333333333332149
10.845333333333332604
2.6560000000000001386
-0.66400000000000003464
4.2053333333333329236
5.0906666666666664511
1.5493333333333332291
3.9839999999999995417
2.6560000000000001386
-4.2053333333333329236
7.7466666666666670338
8.1893333333333337976
8.4106666666666658472
7.7466666666666670338
7.5253333333333332078
4.2053333333333329236
10.181333333333332902
7.9679999999999990834
6.8613333333333335062
-8.6319999999999996732
2.2133333333333329307
-7.5253333333333332078
9.2959999999999993747
6.8613333333333335062
0.44266666666666665275
0.66400000000000003464
7.7466666666666670338
0.8853333333333333055
7.7466666666666670338
7.9679999999999990834
5.3120000000000002771
2.8773333333333330764
6.4186666666666667425
-9.2959999999999993747
1.1066666666666664653
10.845333333333332604
-3.7626666666666666039
3.0986666666666664582
0.66400000000000003464
3.0986666666666664582
6.6399999999999996803
10.402666666666666728
8.1893333333333337976
-1.9919999999999997708
-0.44266666666666665275
5.5333333333333332149
-3.3199999999999998401
6.8613333333333335062
2.2133333333333329307
1.9919999999999997708
6.4186666666666667425
3.9839999999999995417
2.4346666666666663126
3.541333333333333222
2.8773333333333330764
5.5333333333333332149
4.6479999999999996874
10.624000000000000554
3.9839999999999995417
8.4106666666666658472
10.181333333333332902
7.5253333333333332078
5.3120000000000002771
6.1973333333333329165
4.2053333333333329236
0.8853333333333333055
1.1066666666666664653
6.6399999999999996803
-7.082666666666666444
5.5333333333333332149
0.44266666666666665275
1.9919999999999997708
9.0746666666666655487
-5.3120000000000002771
-9.7386666666666652503
2.2133333333333329307
7.5253333333333332078
8.4106666666666658472
7.5253333333333332078
1.5493333333333332291
-2.8773333333333330764
10.181333333333332902
4.8693333333333326252
1.9919999999999997708
9.0746666666666655487
10.624000000000000554
-0.22133333333333332638
3.541333333333333222
-0.8853333333333333055
-2.4346666666666663126
7.082666666666666444
3.541333333333333222
6.4186666666666667425
9.2959999999999993747
3.7626666666666666039
1.9919999999999997708
3.0986666666666664582
1.770666666666666611
0.22133333333333332638
9.2959999999999993747
8.1893333333333337976
2.6560000000000001386
6.8613333333333335062
9.7386666666666652503
4.4266666666666658614
10.624000000000000554
4.6479999999999996874
3.541333333333333222
7.7466666666666670338
2.6560000000000001386
2.2133333333333329307
2.4346666666666663126
-3.0986666666666664582
-6.1973333333333329165
7.7466666666666670338
10.845333333333332604
7.082666666666666444
6.4186666666666667425
-5.3120000000000002771
-3.0986666666666664582
5.3120000000000002771
-6.8613333333333335062
-3.3199999999999998401
1.770666666666666611
5.0906666666666664511
-5.3120000000000002771
-6.6399999999999996803
9.9599999999999990763
5.5333333333333332149
-3.9839999999999995417
9.0746666666666655487
0.44266666666666665275
0.22133333333333332638
7.30400000000000027
5.7546666666666661527
-7.5253333333333332078
-10.181333333333332902
0.44266666666666665275
10.402666666666666728
1.1066666666666664653
8.4106666666666658472
-7.30400000000000027
7.30400000000000027
5.9759999999999999787
0
2.2133333333333329307
6.8613333333333335062
9.2959999999999993747
6.4186666666666667425
5.5333333333333332149
2.6560000000000001386
-7.082666666666666444
10.181333333333332902
10.181333333333332902
1.770666666666666611
-6.4186666666666667425
1.3280000000000000693
9.5173333333333332007
-1.5493333333333332291
2.4346666666666663126
8.4106666666666658472
0.8853333333333333055
-2.4346666666666663126
3.9839999999999995417
10.402666666666666728
2.6560000000000001386
-7.30400000000000027
0.22133333333333332638
2.4346666666666663126
7.30400000000000027
7.9679999999999990834
-3.9839999999999995417
9.5173333333333332007
5.7546666666666661527
8.1893333333333337976
4.4266666666666658614
-6.6399999999999996803
8.8533333333333317228
4.2053333333333329236
-2.8773333333333330764
9.9599999999999990763
8.1893333333333337976
7.5253333333333332078
-6.1973333333333329165
5.3120000000000002771
7.082666666666666444
-6.6399999999999996803
-3.3199999999999998401
3.9839999999999995417
9.5173333333333332007
6.6399999999999996803
6.8613333333333335062
-10.624000000000000554
-0.8853333333333333055
3.0986666666666664582
5.7546666666666661527
2.4346666666666663126
9.7386666666666652503
8.8533333333333317228
3.541333333333333222
9.9599999999999990763
8.1893333333333337976
-4.2053333333333329236
7.082666666666666444
0.44266666666666665275
1.770666666666666611
5.9759999999999999787
4.8693333333333326252
8.8533333333333317228
9.2959999999999993747
1.5493333333333332291
-3.0986666666666664582
9.2959999999999993747
3.3199999999999998401
8.1893333333333337976
7.7466666666666670338
6.1973333333333329165
9.2959999999999993747
1.5493333333333332291
-7.30400000000000027
0.22133333333333332638
4.6479999999999996874
5.9759999999999999787
5.9759999999999999787
4.6479999999999996874
3.541333333333333222
3.7626666666666666039
7.9679999999999990834
10.845333333333332604
0.44266666666666665275
8.6319999999999996732
9.9599999999999990763
1.770666666666666611
6.6399999999999996803
5.7546666666666661527
1.1066666666666664653
6.8613333333333335062
3.7626666666666666039
8.8533333333333317228
0
1.770666666666666611
-6.4186666666666667425
5.3120000000000002771
7.7466666666666670338
7.5253333333333332078
5.5333333333333332149
-8.6319999999999996732
6.1973333333333329165
9.7386666666666652503
-0.22133333333333332638
9.0746666666666655487
3.7626666666666666039
0
8.4106666666666658472
1.770666666666666611
-9.2959999999999993747
-4.6479999999999996874
2.6560000000000001386
7.9679999999999990834
2.6560000000000001386
3.541333333333333222
9.7386666666666652503
1.3280000000000000693
-6.1973333333333329165
5.9759999999999999787
5.7546666666666661527
8.6319999999999996732
10.402666666666666728
3.0986666666666664582
5.7546666666666661527
-6.6399999999999996803
3.7626666666666666039
-8.6319999999999996732
9.2959999999999993747
-9.7386666666666652503
3.3199999999999998401
0.44266666666666665275
0.22133333333333332638
8.4106666666666658472
7.7466666666666670338
8.8533333333333317228
3.3199999999999998401
-9.0746666666666655487
0.66400000000000003464
8.4106666666666658472
1.770666666666666611
7.7466666666666670338
7.30400000000000027
7.30400000000000027
1.9919999999999997708
9.5173333333333332007
-7.5253333333333332078
10.624000000000000554
9.7386666666666652503
6.6399999999999996803
0.22133333333333332638
10.402666666666666728
5.3120000000000002771
-8.6319999999999996732
-3.7626666666666666039
4.2053333333333329236
0.66400000000000003464
10.845333333333332604
1.5493333333333332291
1.1066666666666664653
9.2959999999999993747
2.6560000000000001386
-5.5333333333333332149
5.0906666666666664511
9.0746666666666655487
3.7626666666666666039
3.9839999999999995417
4.4266666666666658614
8.4106666666666658472
-9.5173333333333332007
9.0746666666666655487
9.0746666666666655487
-9.5173333333333332007
1.1066666666666664653
1.3280000000000000693
4.4266666666666658614
1.9919999999999997708
8.1893333333333337976
10.845333333333332604
-0.44266666666666665275
10.402666666666666728
7.7466666666666670338
3.0986666666666664582
2.6560000000000001386
-1.1066666666666664653
8.6319999999999996732
-9.2959999999999993747
9.7386666666666652503
7.9679999999999990834
0.44266666666666665275
-0.44266666666666665275
10.845333333333332604
9.2959999999999993747
0.8853333333333333055
0.66400000000000003464
5.9759999999999999787
6.8613333333333335062
-5.9759999999999999787
1.1066666666666664653
3.9839999999999995417
-2.8773333333333330764
4.6479999999999996874
2.8773333333333330764
-4.4266666666666658614
8.8533333333333317228
10.181333333333332902
0.22133333333333332638
2.6560000000000001386
10.624000000000000554
4.6479999999999996874
4.8693333333333326252
10.845333333333332604
-8.8533333333333317228
10.624000000000000554
9.0746666666666655487
7.30400000000000027
0
0.22133333333333332638
6.6399999999999996803
5.7546666666666661527
-6.6399999999999996803
-1.770666666666666611
0.22133333333333332638
9.2959999999999993747
7.30400000000000027
2.6560000000000001386
8.6319999999999996732
6.4186666666666667425
4.4266666666666658614
7.082666666666666444
-5.3120000000000002771
8.6319999999999996732
9.5173333333333332007
-10.845333333333332604
-1.5493333333333332291
10.181333333333332902
9.2959999999999993747
0.44266666666666665275
2.6560000000000001386
-5.9759999999999999787
2.4346666666666663126
-6.4186666666666667425
2.8773333333333330764
-1.9919999999999997708
0.66400000000000003464
5.3120000000000002771
-3.3199999999999998401
0.44266666666666665275
8.6319999999999996732
9.5173333333333332007
9.0746666666666655487
2.6560000000000001386
8.8533333333333317228
4.6479999999999996874
0.44266666666666665275
8.8533333333333317228
2.2133333333333329307
7.082666666666666444
1.1066666666666664653
1.5493333333333332291
-1.3280000000000000693
-10.845333333333332604
0.66400000000000003464
-3.541333333333333222
0.44266666666666665275
6.4186666666666667425
8.4106666666666658472
3.3199999999999998401
2.8773333333333330764
0.44266666666666665275
5.5333333333333332149
6.1973333333333329165
-7.30400000000000027
2.4346666666666663126
1.3280000000000000693
7.9679999999999990834
1.5493333333333332291
8.6319999999999996732
8.8533333333333317228
3.7626666666666666039
0.8853333333333333055
2.4346666666666663126
0.44266666666666665275
1.3280000000000000693
7.7466666666666670338
6.4186666666666667425
8.1893333333333337976
4.2053333333333329236
10.845333333333332604
8.4106666666666658472
4.2053333333333329236
5.0906666666666664511
5.7546666666666661527
5.7546666666666661527
-0.8853333333333333055
4.6479999999999996874
6.8613333333333335062
4.2053333333333329236
9.2959999999999993747
-10.845333333333332604
3.3199999999999998401
9.5173333333333332007
0
7.082666666666666444
3.541333333333333222
-8.4106666666666658472
2.6560000000000001386
1.1066666666666664653
-9.7386666666666652503
3.7626666666666666039
7.9679999999999990834
0.8853333333333333055
5.7546666666666661527
7.30400000000000027
0.8853333333333333055
8.4106666666666658472
3.9839999999999995417
0.22133333333333332638
5.3120000000000002771
-10.845333333333332604
6.1973333333333329165
5.3120000000000002771
9.0746666666666655487
9.5173333333333332007
5.7546666666666661527
6.8613333333333335062
8.4106666666666658472
-8.4106666666666658472
-7.5253333333333332078
1.770666666666666611
7.9679999999999990834
5.7546666666666661527
9.9599999999999990763
7.7466666666666670338
1.9919999999999997708
0.22133333333333332638
10.402666666666666728
5.9759999999999999787
9.9599999999999990763
7.30400000000000027
1.770666666666666611
-3.541333333333333222
-4.8693333333333326252
8.6319999999999996732
0.66400000000000003464
-9.5173333333333332007
5.0906666666666664511
2.8773333333333330764
6.6399999999999996803
9.0746666666666655487
5.9759999999999999787
5.5333333333333332149
1.3280000000000000693
-3.3199999999999998401
-4.8693333333333326252
2.4346666666666663126
1.9919999999999997708
2.8773333333333330764
7.5253333333333332078
7.9679999999999990834
-7.7466666666666670338
-7.5253333333333332078
0.8853333333333333055
5.0906666666666664511
3.0986666666666664582
1.9919999999999997708
2.8773333333333330764
-0.8853333333333333055
5.9759999999999999787
2.6560000000000001386
7.9679999999999990834
5.7546666666666661527
8.4106666666666658472
9.5173333333333332007
0.66400000000000003464
-3.9839999999999995417
0
4.4266666666666658614
4.2053333333333329236
-6.1973333333333329165
4.8693333333333326252
4.4266666666666658614
9.7386666666666652503
3.541333333333333222
6.1973333333333329165
1.5493333333333332291
-8.4106666666666658472
5.0906666666666664511
1.3280000000000000693
-8.6319999999999996732
7.5253333333333332078
4.4266666666666658614
-1.5493333333333332291
4.4266666666666658614
3.0986666666666664582
9.9599999999999990763
7.9679999999999990834
-5.3120000000000002771
3.3199999999999998401
4.2053333333333329236
1.3280000000000000693
6.4186666666666667425
10.624000000000000554
-1.3280000000000000693
-9.9599999999999990763
-5.0906666666666664511
10.402666666666666728
3.9839999999999995417
7.082666666666666444
10.181333333333332902
4.2053333333333329236
0.22133333333333332638
7.5253333333333332078
9.0746666666666655487
1.770666666666666611
6.8613333333333335062
4.4266666666666658614
9.0746666666666655487
5.0906666666666664511
2.2133333333333329307
3.9839999999999995417
-4.6479999999999996874
-3.9839999999999995417
4.8693333333333326252
1.1066666666666664653
-4.6479999999999996874
-7.5253333333333332078
3.9839999999999995417
-8.1893333333333337976
-9.2959999999999993747
5.5333333333333332149
2.6560000000000001386
4.8693333333333326252
2.8773333333333330764
9.5173333333333332007
2.6560000000000001386
3.7626666666666666039
-10.845333333333332604
-5.5333333333333332149
-7.30400000000000027
9.9599999999999990763
3.3199999999999998401
10.181333333333332902
3.541333333333333222
0.22133333333333332638
-5.0906666666666664511
0.22133333333333332638
5.3120000000000002771
-6.1973333333333329165
2.4346666666666663126
7.9679999999999990834
7.5253333333333332078
2.6560000000000001386
-2.8773333333333330764
-3.3199999999999998401
-10.624000000000000554
4.2053333333333329236
5.9759999999999999787
3.0986666666666664582
4.6479999999999996874
0
5.9759999999999999787
10.624000000000000554
7.5253333333333332078
9.5173333333333332007
6.8613333333333335062
0.66400000000000003464
6.1973333333333329165
-10.624000000000000554
9.0746666666666655487
8.6319999999999996732
9.2959999999999993747
-8.1893333333333337976
10.181333333333332902
2.6560000000000001386
5.3120000000000002771
-2.4346666666666663126
1.1066666666666664653
8.8533333333333317228
-1.1066666666666664653
-5.5333333333333332149
5.9759999999999999787
3.0986666666666664582
1.9919999999999997708
1.1066666666666664653
10.181333333333332902
3.9839999999999995417
10.845333333333332604
5.0906666666666664511
5.7546666666666661527
-1.3280000000000000693
9.5173333333333332007
3.7626666666666666039
-1.1066666666666664653
-2.2133333333333329307
3.0986666666666664582
0.8853333333333333055
3.7626666666666666039
9.0746666666666655487
6.8613333333333335062
6.8613333333333335062
9.5173333333333332007
-5.5333333333333332149
-4.2053333333333329236
9.0746666666666655487
7.082666666666666444
1.9919999999999997708
-8.8533333333333317228
7.9679999999999990834
4.8693333333333326252
1.3280000000000000693
6.4186666666666667425
9.2959999999999993747
10.845333333333332604
-2.4346666666666663126
-6.6399999999999996803
5.9759999999999999787
8.1893333333333337976
1.1066666666666664653
-2.6560000000000001386
5.0906666666666664511
9.0746666666666655487
9.5173333333333332007
5.7546666666666661527
0.8853333333333333055
-1.9919999999999997708
-10.845333333333332604
3.541333333333333222
-8.8533333333333317228
9.5173333333333332007
-8.1893333333333337976
0.8853333333333333055
8.1893333333333337976
6.6399999999999996803
1.1066666666666664653
2.6560000000000001386
-0.66400000000000003464
5.0906666666666664511
-10.181333333333332902
3.9839999999999995417
6.4186666666666667425
2.8773333333333330764
3.3199999999999998401
7.9679999999999990834
8.1893333333333337976
4.2053333333333329236
7.5253333333333332078
-2.2133333333333329307
7.30400000000000027
7.5253333333333332078
8.4106666666666658472
8.1893333333333337976
1.5493333333333332291
9.9599999999999990763
9.5173333333333332007
10.181333333333332902
1.1066666666666664653
10.181333333333332902
9.2959999999999993747
9.2959999999999993747
4.6479999999999996874
4.8693333333333326252
8.1893333333333337976
7.9679999999999990834
9.7386666666666652503
8.8533333333333317228
2.4346666666666663126
10.181333333333332902
-8.6319999999999996732
-6.8613333333333335062
-7.082666666666666444
8.6319999999999996732
-6.4186666666666667425
2.6560000000000001386
6.8613333333333335062
0.22133333333333332638
4.4266666666666658614
6.8613333333333335062
0.66400000000000003464
-10.402666666666666728
0.44266666666666665275
4.2053333333333329236
10.181333333333332902
2.6560000000000001386
3.3199999999999998401
9.2959999999999993747
-1.9919999999999997708
2.8773333333333330764
7.082666666666666444
-6.6399999999999996803
2.6560000000000001386
4.6479999999999996874
-10.624000000000000554
2.4346666666666663126
5.0906666666666664511
0
9.2959999999999993747
-3.9839999999999995417
7.7466666666666670338
0
10.402666666666666728
-8.6319999999999996732
9.5173333333333332007
8.1893333333333337976
-4.4266666666666658614
1.9919999999999997708
4.4266666666666658614
9.7386666666666652503
0.8853333333333333055
6.1973333333333329165
1.770666666666666611
4.4266666666666658614
4.4266666666666658614
-5.9759999999999999787
8.6319999999999996732
1.3280000000000000693
0.8853333333333333055
8.4106666666666658472
8.6319999999999996732
3.9839999999999995417
-10.845333333333332604
5.3120000000000002771
6.8613333333333335062
0.8853333333333333055
8.8533333333333317228
8.8533333333333317228
9.0746666666666655487
7.30400000000000027
5.3120000000000002771
-7.9679999999999990834
9.2959999999999993747
-7.7466666666666670338
1.5493333333333332291
-5.7546666666666661527
8.6319999999999996732
2.6560000000000001386
2.4346666666666663126
1.5493333333333332291
7.30400000000000027
2.2133333333333329307
-6.6399999999999996803
0.44266666666666665275
-8.4106666666666658472
8.6319999999999996732
-7.7466666666666670338
5.5333333333333332149
2.6560000000000001386
8.1893333333333337976
6.6399999999999996803
1.1066666666666664653
4.2053333333333329236
-4.4266666666666658614
7.30400000000000027
0.8853333333333333055
-9.0746666666666655487
0.44266666666666665275
7.30400000000000027
2.8773333333333330764
4.6479999999999996874
1.770666666666666611
3.3199999999999998401
-3.9839999999999995417
0.8853333333333333055
-2.4346666666666663126
7.30400000000000027
1.3280000000000000693
6.4186666666666667425
-3.7626666666666666039
-7.5253333333333332078
9.0746666666666655487
7.7466666666666670338
0
9.2959999999999993747
3.541333333333333222
10.181333333333332902
8.4106666666666658472
10.402666666666666728
1.5493333333333332291
2.2133333333333329307
9.7386666666666652503
3.3199999999999998401
3.9839999999999995417
7.7466666666666670338
5.9759999999999999787
3.3199999999999998401
7.5253333333333332078
7.30400000000000027
7.082666666666666444
-9.5173333333333332007
3.3199999999999998401
9.2959999999999993747
5.5333333333333332149
4.6479999999999996874
5.3120000000000002771
9.2959999999999993747
4.8693333333333326252
5.3120000000000002771
6.1973333333333329165
4.8693333333333326252
0.22133333333333332638
6.8613333333333335062
10.845333333333332604
5.0906666666666664511
5.5333333333333332149
7.9679999999999990834
2.2133333333333329307
8.4106666666666658472
2.2133333333333329307
9.0746666666666655487
9.9599999999999990763
9.9599999999999990763
5.7546666666666661527
3.541333333333333222
6.6399999999999996803
7.30400000000000027
0
8.6319999999999996732
-1.9919999999999997708
6.6399999999999996803
9.9599999999999990763
9.2959999999999993747
2.8773333333333330764
8.1893333333333337976
-9.7386666666666652503
3.9839999999999995417
2.2133333333333329307
4.8693333333333326252
10.181333333333332902
-6.1973333333333329165
-7.9679999999999990834
2.6560000000000001386
10.624000000000000554
0.8853333333333333055
7.7466666666666670338
10.402666666666666728
8.8533333333333317228
-0.66400000000000003464
2.6560000000000001386
0.8853333333333333055
8.4106666666666658472
3.541333333333333222
-0.66400000000000003464
5.9759999999999999787
0.66400000000000003464
4.8693333333333326252
10.624000000000000554
4.2053333333333329236
10.181333333333332902
8.1893333333333337976
5.3120000000000002771
-8.8533333333333317228
0.44266666666666665275
10.402666666666666728
9.0746666666666655487
3.541333333333333222
3.541333333333333222
10.845333333333332604
7.5253333333333332078
3.541333333333333222
-6.1973333333333329165
2.2133333333333329307
6.6399999999999996803
1.1066666666666664653
8.8533333333333317228
5.0906666666666664511
-0.44266666666666665275
5.0906666666666664511
3.9839999999999995417
1.3280000000000000693
7.082666666666666444
-10.624000000000000554
3.3199999999999998401
8.4106666666666658472
-2.8773333333333330764
0.22133333333333332638
-6.4186666666666667425
1.5493333333333332291
2.2133333333333329307
-1.770666666666666611
1.5493333333333332291
3.9839999999999995417
-5.3120000000000002771
0.22133333333333332638
0.66400000000000003464
2.4346666666666663126
4.6479999999999996874
9.9599999999999990763
2.8773333333333330764
8.6319999999999996732
4.6479999999999996874
-9.9599999999999990763
9.9599999999999990763
10.845333333333332604
5.0906666666666664511
7.082666666666666444
6.6399999999999996803
6.1973333333333329165
8.4106666666666658472
3.541333333333333222
3.7626666666666666039
7.7466666666666670338
2.6560000000000001386
-1.3280000000000000693
1.1066666666666664653
1.770666666666666611
9.0746666666666655487
6.6399999999999996803
8.6319999999999996732
-5.5333333333333332149
8.4106666666666658472
3.9839999999999995417
-9.0746666666666655487
2.6560000000000001386
4.6479999999999996874
1.770666666666666611
10.402666666666666728
3.9839999999999995417
-7.5253333333333332078
0.66400000000000003464
5.3120000000000002771
9.7386666666666652503
9.9599999999999990763
5.7546666666666661527
5.0906666666666664511
9.9599999999999990763
3.0986666666666664582
10.624000000000000554
-3.7626666666666666039
0.8853333333333333055
2.6560000000000001386
1.770666666666666611
-5.7546666666666661527
7.9679999999999990834
10.181333333333332902
8.4106666666666658472
8.4106666666666658472
-1.9919999999999997708
-4.2053333333333329236
-8.8533333333333317228
-7.9679999999999990834
0.22133333333333332638
8.6319999999999996732
7.5253333333333332078
5.7546666666666661527
-7.5253333333333332078
2.4346666666666663126
-3.541333333333333222
7.082666666666666444
8.1893333333333337976
7.30400000000000027
7.9679999999999990834
4.4266666666666658614
4.8693333333333326252
10.402666666666666728
10.624000000000000554
1.9919999999999997708
2.2133333333333329307
3.541333333333333222
10.402666666666666728
7.7466666666666670338
8.6319999999999996732
-2.4346666666666663126
3.541333333333333222
0.44266666666666665275
7.9679999999999990834
5.9759999999999999787
9.9599999999999990763
2.2133333333333329307
9.0746666666666655487
0
5.9759999999999999787
-0.8853333333333333055
5.3120000000000002771
4.2053333333333329236
-8.8533333333333317228
0.66400000000000003464
5.9759999999999999787
4.4266666666666658614
-10.402666666666666728
4.8693333333333326252
0.8853333333333333055
0.44266666666666665275
-2.4346666666666663126
8.6319999999999996732
0.44266666666666665275
3.9839999999999995417
-9.9599999999999990763
5.9759999999999999787
2.8773333333333330764
8.8533333333333317228
4.6479999999999996874
0.44266666666666665275
-8.1893333333333337976
-8.6319999999999996732
-4.4266666666666658614
4.2053333333333329236
6.6399999999999996803
3.3199999999999998401
7.7466666666666670338
-7.5253333333333332078
0.44266666666666665275
10.402666666666666728
-7.9679999999999990834
10.402666666666666728
7.082666666666666444
3.3199999999999998401
7.9679999999999990834
6.8613333333333335062
8.1893333333333337976
2.8773333333333330764
2.6560000000000001386
7.5253333333333332078
-4.6479999999999996874
-5.9759999999999999787
1.1066666666666664653
7.7466666666666670338
1.1066666666666664653
3.541333333333333222
4.6479999999999996874
5.5333333333333332149
10.181333333333332902
8.6319999999999996732
3.3199999999999998401
3.7626666666666666039
8.1893333333333337976
-3.541333333333333222
-4.4266666666666658614
10.845333333333332604
-1.770666666666666611
-4.2053333333333329236
2.2133333333333329307
5.0906666666666664511
2.4346666666666663126
9.7386666666666652503
9.7386666666666652503
3.9839999999999995417
-7.5253333333333332078
-3.9839999999999995417
5.7546666666666661527
0.22133333333333332638
9.7386666666666652503
-0.22133333333333332638
6.8613333333333335062
6.8613333333333335062
8.8533333333333317228
9.5173333333333332007
10.624000000000000554
-6.4186666666666667425
9.0746666666666655487
3.3199999999999998401
10.181333333333332902
6.4186666666666667425
-2.4346666666666663126
4.8693333333333326252
4.4266666666666658614
-3.3199999999999998401
-9.2959999999999993747
10.402666666666666728
3.541333333333333222
-3.7626666666666666039
7.5253333333333332078
7.30400000000000027
6.4186666666666667425
-1.5493333333333332291
0
1.3280000000000000693
9.9599999999999990763
4.4266666666666658614
7.5253333333333332078
7.082666666666666444
-1.3280000000000000693
8.6319999999999996732
5.9759999999999999787
9.7386666666666652503
10.624000000000000554
6.4186666666666667425
9.9599999999999990763
3.7626666666666666039
4.8693333333333326252
2.2133333333333329307
0
1.1066666666666664653
1.5493333333333332291
3.3199999999999998401
-1.3280000000000000693
5.0906666666666664511
2.6560000000000001386
-6.6399999999999996803
8.8533333333333317228
7.30400000000000027
0.8853333333333333055
2.4346666666666663126
3.7626666666666666039
3.7626666666666666039
2.4346666666666663126
-7.082666666666666444
4.6479999999999996874
7.30400000000000027
7.7466666666666670338
8.1893333333333337976
8.4106666666666658472
6.8613333333333335062
-7.082666666666666444
-1.1066666666666664653
-3.3199999999999998401
9.0746666666666655487
7.5253333333333332078
9.2959999999999993747
1.770666666666666611
-0.22133333333333332638
4.8693333333333326252
-3.541333333333333222
9.5173333333333332007
10.402666666666666728
1.1066666666666664653
10.402666666666666728
-9.5173333333333332007
-4.6479999999999996874
7.30400000000000027
9.7386666666666652503
0
10.181333333333332902
7.9679999999999990834
1.770666666666666611
3.3199999999999998401
-6.8613333333333335062
10.181333333333332902
2.4346666666666663126
4.8693333333333326252
9.0746666666666655487
5.9759999999999999787
1.1066666666666664653
-8.1893333333333337976
0.44266666666666665275
0.22133333333333332638
4.8693333333333326252
7.9679999999999990834
0
-7.082666666666666444
8.1893333333333337976
2.2133333333333329307
2.8773333333333330764
10.181333333333332902
7.30400000000000027
-5.9759999999999999787
6.6399999999999996803
2.6560000000000001386
3.541333333333333222
4.8693333333333326252
6.6399999999999996803
2.2133333333333329307
9.2959999999999993747
9.7386666666666652503
8.4106666666666658472
5.9759999999999999787
-5.9759999999999999787
9.5173333333333332007
3.7626666666666666039
1.1066666666666664653
1.5493333333333332291
4.2053333333333329236
2.8773333333333330764
-6.6399999999999996803
-9.9599999999999990763
0.8853333333333333055
-7.7466666666666670338
3.7626666666666666039
0.44266666666666665275
4.4266666666666658614
0.66400000000000003464
6.6399999999999996803
9.9599999999999990763
-8.6319999999999996732
-8.4106666666666658472
9.0746666666666655487
3.9839999999999995417
5.7546666666666661527
6.4186666666666667425
6.8613333333333335062
7.5253333333333332078
1.3280000000000000693
-6.6399999999999996803
0.44266666666666665275
1.9919999999999997708
-2.2133333333333329307
7.082666666666666444
5.0906666666666664511
9.5173333333333332007
-1.770666666666666611
4.2053333333333329236
5.7546666666666661527
7.082666666666666444
6.6399999999999996803
-7.082666666666666444
8.4106666666666658472
5.3120000000000002771
9.5173333333333332007
8.1893333333333337976
-10.402666666666666728
-7.5253333333333332078
3.0986666666666664582
-1.9919999999999997708
4.8693333333333326252
3.0986666666666664582
3.0986666666666664582
2.4346666666666663126
7.9679999999999990834
-9.0746666666666655487
10.624000000000000554
3.9839999999999995417
6.1973333333333329165
-6.6399999999999996803
-2.4346666666666663126
0.8853333333333333055
-7.7466666666666670338
9.5173333333333332007
-7.9679999999999990834
-6.4186666666666667425
5.9759999999999999787
10.402666666666666728
8.4106666666666658472
6.6399999999999996803
6.8613333333333335062
0.22133333333333332638
0.8853333333333333055
-6.6399999999999996803
3.3199999999999998401
6.6399999999999996803
-6.1973333333333329165
-2.4346666666666663126
8.6319999999999996732
6.1973333333333329165
-10.181333333333332902
6.8613333333333335062
6.4186666666666667425
1.9919999999999997708
7.7466666666666670338
3.541333333333333222
9.7386666666666652503
5.3120000000000002771
0.8853333333333333055
8.1893333333333337976
2.4346666666666663126
-10.181333333333332902
3.541333333333333222
6.8613333333333335062
-0.22133333333333332638
2.6560000000000001386
1.3280000000000000693
-0.22133333333333332638
0.44266666666666665275
2.6560000000000001386
-5.9759999999999999787
9.2959999999999993747
5.9759999999999999787
5.3120000000000002771
5.5333333333333332149
5.0906666666666664511
8.4106666666666658472
6.8613333333333335062
7.30400000000000027
10.624000000000000554
-3.3199999999999998401
2.2133333333333329307
6.4186666666666667425
7.082666666666666444
5.7546666666666661527
2.6560000000000001386
4.8693333333333326252
8.6319999999999996732
10.624000000000000554
8.6319999999999996732
-7.30400000000000027
6.4186666666666667425
10.624000000000000554
9.7386666666666652503
4.8693333333333326252
-5.5333333333333332149
5.9759999999999999787
0.22133333333333332638
6.1973333333333329165
0
-7.082666666666666444
2.2133333333333329307
3.9839999999999995417
3.7626666666666666039
3.7626666666666666039
10.845333333333332604
9.7386666666666652503
9.7386666666666652503
-7.30400000000000027
6.6399999999999996803
10.181333333333332902
8.1893333333333337976
-1.5493333333333332291
1.3280000000000000693
-8.8533333333333317228
1.3280000000000000693
-4.2053333333333329236
4.6479999999999996874
9.9599999999999990763
-3.3199999999999998401
1.9919999999999997708
0.8853333333333333055
5.9759999999999999787
3.9839999999999995417
1.5493333333333332291
7.9679999999999990834
1.5493333333333332291
7.7466666666666670338
8.8533333333333317228
1.9919999999999997708
-8.1893333333333337976
6.8613333333333335062
2.8773333333333330764
7.5253333333333332078
4.8693333333333326252
6.6399999999999996803
1.770666666666666611
-5.3120000000000002771
-1.5493333333333332291
9.7386666666666652503
7.082666666666666444
2.6560000000000001386
-5.5333333333333332149
-10.845333333333332604
7.30400000000000027
-1.3280000000000000693
5.7546666666666661527
10.845333333333332604
-7.5253333333333332078
0.22133333333333332638
4.4266666666666658614
2.4346666666666663126
9.2959999999999993747
-2.4346666666666663126
2.8773333333333330764
9.9599999999999990763
5.7546666666666661527
10.624000000000000554
8.1893333333333337976
1.1066666666666664653
2.6560000000000001386
8.4106666666666658472
-4.6479999999999996874
6.6399999999999996803
-6.6399999999999996803
1.1066666666666664653
10.845333333333332604
-9.2959999999999993747
0.22133333333333332638
9.5173333333333332007
0.44266666666666665275
8.1893333333333337976
5.9759999999999999787
10.402666666666666728
5.0906666666666664511
9.0746666666666655487
5.9759999999999999787
-8.4106666666666658472
0
1.1066666666666664653
2.4346666666666663126
7.7466666666666670338
0.22133333333333332638
2.4346666666666663126
5.5333333333333332149
2.4346666666666663126
9.9599999999999990763
7.082666666666666444
9.2959999999999993747
1.770666666666666611
5.9759999999999999787
0.66400000000000003464
1.5493333333333332291
0.44266666666666665275
7.5253333333333332078
-3.7626666666666666039
2.8773333333333330764
-6.4186666666666667425
5.5333333333333332149
-9.9599999999999990763
1.5493333333333332291
4.4266666666666658614
5.9759999999999999787
-8.6319999999999996732
10.181333333333332902
4.6479999999999996874
-7.082666666666666444
0.22133333333333332638
8.8533333333333317228
5.5333333333333332149
5.5333333333333332149
-4.6479999999999996874
4.8693333333333326252
4.2053333333333329236
5.0906666666666664511
4.2053333333333329236
5.3120000000000002771
-2.8773333333333330764
4.2053333333333329236
-1.5493333333333332291
5.0906666666666664511
5.5333333333333332149
5.0906666666666664511
1.3280000000000000693
10.624000000000000554
4.8693333333333326252
-3.3199999999999998401
10.624000000000000554
2.6560000000000001386
7.082666666666666444
6.4186666666666667425
7.5253333333333332078
2.4346666666666663126
0
10.624000000000000554
0.22133333333333332638
4.2053333333333329236
-4.2053333333333329236
5.3120000000000002771
4.2053333333333329236
8.8533333333333317228
9.5173333333333332007
10.181333333333332902
8.8533333333333317228
5.9759999999999999787
8.1893333333333337976
-4.4266666666666658614
0.44266666666666665275
-3.9839999999999995417
3.7626666666666666039
-1.770666666666666611
9.7386666666666652503
8.6319999999999996732
10.402666666666666728
-2.2133333333333329307
6.8613333333333335062
2.6560000000000001386
-10.402666666666666728
-10.845333333333332604
-8.6319999999999996732
9.9599999999999990763
7.7466666666666670338
0.8853333333333333055
0
-0.22133333333333332638
2.8773333333333330764
-3.3199999999999998401
8.4106666666666658472
-8.6319999999999996732
2.4346666666666663126
5.3120000000000002771
3.541333333333333222
2.6560000000000001386
0.66400000000000003464
5.5333333333333332149
5.7546666666666661527
-6.8613333333333335062
7.9679999999999990834
6.1973333333333329165
9.9599999999999990763
0.66400000000000003464
10.402666666666666728
4.6479999999999996874
6.8613333333333335062
9.9599999999999990763
10.624000000000000554
3.3199999999999998401
4.8693333333333326252
1.5493333333333332291
-9.5173333333333332007
9.2959999999999993747
-6.6399999999999996803
-8.8533333333333317228
2.6560000000000001386
9.2959999999999993747
4.2053333333333329236
3.9839999999999995417
5.0906666666666664511
9.9599999999999990763
0
7.7466666666666670338
7.5253333333333332078
7.7466666666666670338
10.624000000000000554
-0.8853333333333333055
9.5173333333333332007
1.770666666666666611
-5.3120000000000002771
9.2959999999999993747
10.845333333333332604
0
7.082666666666666444
2.2133333333333329307
8.8533333333333317228
6.6399999999999996803
2.6560000000000001386
9.2959999999999993747
9.0746666666666655487
0.66400000000000003464
10.402666666666666728
2.4346666666666663126
-2.2133333333333329307
-6.8613333333333335062
-5.3120000000000002771
6.8613333333333335062
4.6479999999999996874
5.0906666666666664511
8.1893333333333337976
10.624000000000000554
9.5173333333333332007
0.8853333333333333055
7.7466666666666670338
3.7626666666666666039
4.6479999999999996874
6.8613333333333335062
8.4106666666666658472
8.4106666666666658472
9.5173333333333332007
8.8533333333333317228
-6.1973333333333329165
7.5253333333333332078
-4.8693333333333326252
4.6479999999999996874
10.845333333333332604
4.4266666666666658614
3.9839999999999995417
6.8613333333333335062
9.7386666666666652503
7.5253333333333332078
0.66400000000000003464
9.0746666666666655487
7.5253333333333332078
7.30400000000000027
4.2053333333333329236
0.44266666666666665275
9.2959999999999993747
0.22133333333333332638
0.44266666666666665275
4.8693333333333326252
9.7386666666666652503
10.402666666666666728
3.9839999999999995417
-2.4346666666666663126
-9.7386666666666652503
-3.3199999999999998401
9.7386666666666652503
-7.5253333333333332078
1.9919999999999997708
-10.181333333333332902
9.5173333333333332007
4.2053333333333329236
-7.5253333333333332078
10.624000000000000554
8.6319999999999996732
5.5333333333333332149
-2.8773333333333330764
9.9599999999999990763
0.44266666666666665275
10.402666666666666728
0.22133333333333332638
-5.3120000000000002771
2.2133333333333329307
9.2959999999999993747
3.3199999999999998401
3.0986666666666664582
7.30400000000000027
2.4346666666666663126
7.9679999999999990834
3.0986666666666664582
-1.9919999999999997708
0
4.2053333333333329236
8.4106666666666658472
-6.1973333333333329165
2.8773333333333330764
-2.2133333333333329307
4.8693333333333326252
4.2053333333333329236
4.2053333333333329236
3.3199999999999998401
6.1973333333333329165
0.22133333333333332638
1.3280000000000000693
-1.1066666666666664653
-5.5333333333333332149
-10.624000000000000554
10.845333333333332604
5.9759999999999999787
6.8613333333333335062
2.8773333333333330764
4.2053333333333329236
9.2959999999999993747
3.3199999999999998401
5.9759999999999999787
1.1066666666666664653
0.44266666666666665275
10.624000000000000554
0.8853333333333333055
10.181333333333332902
2.2133333333333329307
1.1066666666666664653
7.5253333333333332078
3.7626666666666666039
-1.1066666666666664653
5.7546666666666661527
4.4266666666666658614
6.1973333333333329165
3.3199999999999998401
7.7466666666666670338
4.2053333333333329236
5.5333333333333332149
2.6560000000000001386
0.8853333333333333055
5.9759999999999999787
6.6399999999999996803
3.9839999999999995417
4.2053333333333329236
6.4186666666666667425
2.6560000000000001386
1.5493333333333332291
9.9599999999999990763
-8.6319999999999996732
1.1066666666666664653
8.8533333333333317228
1.770666666666666611
2.4346666666666663126
9.2959999999999993747
6.1973333333333329165
5.9759999999999999787
7.082666666666666444
1.9919999999999997708
7.7466666666666670338
-4.2053333333333329236
3.9839999999999995417
10.845333333333332604
9.7386666666666652503
-10.402666666666666728
4.8693333333333326252
-4.8693333333333326252
1.5493333333333332291
10.181333333333332902
5.9759999999999999787
-8.8533333333333317228
-9.0746666666666655487
-8.6319999999999996732
2.6560000000000001386
8.1893333333333337976
-3.9839999999999995417
8.8533333333333317228
7.082666666666666444
3.0986666666666664582
1.5493333333333332291
-2.8773333333333330764
7.5253333333333332078
3.3199999999999998401
-0.66400000000000003464
2.2133333333333329307
-8.8533333333333317228
-4.6479999999999996874
4.6479999999999996874
6.1973333333333329165
0.44266666666666665275
0.8853333333333333055
6.8613333333333335062
1.770666666666666611
-3.3199999999999998401
5.5333333333333332149
2.8773333333333330764
1.770666666666666611
0
9.9599999999999990763
1.1066666666666664653
3.7626666666666666039
10.181333333333332902
-0.8853333333333333055
4.4266666666666658614
8.1893333333333337976
0
8.6319999999999996732
7.7466666666666670338
-6.4186666666666667425
1.3280000000000000693
5.5333333333333332149
-5.7546666666666661527
3.9839999999999995417
1.1066666666666664653
8.8533333333333317228
1.1066666666666664653
8.4106666666666658472
5.7546666666666661527
4.2053333333333329236
3.3199999999999998401
2.2133333333333329307
6.8613333333333335062
4.4266666666666658614
3.7626666666666666039
7.9679999999999990834
3.9839999999999995417
1.3280000000000000693
8.6319999999999996732
-10.402666666666666728
10.402666666666666728
3.0986666666666664582
-1.3280000000000000693
5.9759999999999999787
6.8613333333333335062
9.2959999999999993747
-1.9919999999999997708
-10.402666666666666728
10.624000000000000554
3.3199999999999998401
10.402666666666666728
1.9919999999999997708
6.8613333333333335062
2.8773333333333330764
-7.5253333333333332078
8.6319999999999996732
-1.1066666666666664653
4.6479999999999996874
0.8853333333333333055
-2.6560000000000001386
6.4186666666666667425
8.4106666666666658472
4.6479999999999996874
6.8613333333333335062
-3.7626666666666666039
-5.9759999999999999787
-3.541333333333333222
4.2053333333333329236
3.541333333333333222
3.541333333333333222
-6.6399999999999996803
0.8853333333333333055
6.1973333333333329165
10.181333333333332902
2.2133333333333329307
0.8853333333333333055
3.3199999999999998401
1.5493333333333332291
10.181333333333332902
-7.7466666666666670338
10.624000000000000554
-2.6560000000000001386
10.624000000000000554
4.4266666666666658614
-8.6319999999999996732
-6.8613333333333335062
7.082666666666666444
1.5493333333333332291
0.8853333333333333055
10.624000000000000554
9.5173333333333332007
8.1893333333333337976
9.7386666666666652503
-1.5493333333333332291
4.8693333333333326252
0.22133333333333332638
-10.181333333333332902
6.4186666666666667425
6.1973333333333329165
4.8693333333333326252
10.402666666666666728
3.7626666666666666039
-3.0986666666666664582
7.082666666666666444
-8.8533333333333317228
8.6319999999999996732
0.44266666666666665275
9.5173333333333332007
7.7466666666666670338
9.0746666666666655487
0.22133333333333332638
1.1066666666666664653
9.7386666666666652503
1.770666666666666611
7.7466666666666670338
0.8853333333333333055
-6.4186666666666667425
3.0986666666666664582
8.6319999999999996732
-0.22133333333333332638
5.3120000000000002771
3.7626666666666666039
-2.4346666666666663126
2.8773333333333330764
-3.541333333333333222
5.0906666666666664511
3.0986666666666664582
10.402666666666666728
0.66400000000000003464
-3.3199999999999998401
1.9919999999999997708
10.181333333333332902
8.1893333333333337976
4.4266666666666658614
3.7626666666666666039
8.4106666666666658472
9.5173333333333332007
-6.6399999999999996803
9.7386666666666652503
4.6479999999999996874
1.9919999999999997708
-10.845333333333332604
0
5.5333333333333332149
9.7386666666666652503
-7.30400000000000027
4.2053333333333329236
3.541333333333333222
0
3.0986666666666664582
1.1066666666666664653
3.9839999999999995417
4.6479999999999996874
3.3199999999999998401
-7.30400000000000027
6.4186666666666667425
0.66400000000000003464
7.9679999999999990834
5.9759999999999999787
2.2133333333333329307
4.2053333333333329236
4.4266666666666658614
10.181333333333332902
8.4106666666666658472
-5.5333333333333332149
0
0
5.5333333333333332149
7.7466666666666670338
-3.541333333333333222
0.8853333333333333055
0
5.5333333333333332149
0.66400000000000003464
-10.181333333333332902
5.9759999999999999787
1.3280000000000000693
3.541333333333333222
10.181333333333332902
7.30400000000000027
7.082666666666666444
0
-3.0986666666666664582
5.0906666666666664511
7.082666666666666444
1.1066666666666664653
7.30400000000000027
4.2053333333333329236
0.44266666666666665275
5.7546666666666661527
9.7386666666666652503
-7.5253333333333332078
6.1973333333333329165
7.082666666666666444
-1.770666666666666611
-6.6399999999999996803
7.7466666666666670338
0.66400000000000003464
8.4106666666666658472
10.624000000000000554
2.6560000000000001386
6.4186666666666667425
10.845333333333332604
1.770666666666666611
0.44266666666666665275
9.9599999999999990763
5.9759999999999999787
2.8773333333333330764
4.8693333333333326252
3.9839999999999995417
-2.4346666666666663126
-1.9919999999999997708
-5.5333333333333332149
5.0906666666666664511
4.6479999999999996874
9.7386666666666652503
2.6560000000000001386
5.0906666666666664511
4.2053333333333329236
-1.1066666666666664653
-1.1066666666666664653
1.5493333333333332291
9.7386666666666652503
2.4346666666666663126
3.541333333333333222
5.3120000000000002771
10.845333333333332604
8.4106666666666658472
8.6319999999999996732
1.1066666666666664653
9.0746666666666655487
0
1.1066666666666664653
8.6319999999999996732
-10.181333333333332902
-8.8533333333333317228
9.0746666666666655487
2.6560000000000001386
4.4266666666666658614
-7.5253333333333332078
4.2053333333333329236
0.66400000000000003464
5.7546666666666661527
7.9679999999999990834
2.2133333333333329307
4.2053333333333329236
9.0746666666666655487
-6.4186666666666667425
7.5253333333333332078
3.3199999999999998401
10.624000000000000554
8.8533333333333317228
-9.2959999999999993747
6.1973333333333329165
-9.0746666666666655487
3.9839999999999995417
7.082666666666666444
-10.181333333333332902
8.6319999999999996732
-9.9599999999999990763
9.9599999999999990763
10.845333333333332604
0.8853333333333333055
-10.624000000000000554
9.0746666666666655487
-2.4346666666666663126
-1.5493333333333332291
-5.0906666666666664511
6.1973333333333329165
9.9599999999999990763
5.7546666666666661527
8.8533333333333317228
8.1893333333333337976
3.3199999999999998401
0.22133333333333332638
-1.1066666666666664653
3.9839999999999995417
4.8693333333333326252
2.2133333333333329307
5.5333333333333332149
10.624000000000000554
1.1066666666666664653
6.6399999999999996803
1.9919999999999997708
1.5493333333333332291
4.4266666666666658614
3.541333333333333222
10.181333333333332902
2.4346666666666663126
4.8693333333333326252

